4608
512
6656
2560
5632
1536
7680
3584
4864
768
6912
2816
5888
1792
7936
3840
4736
640
6784
2688
5760
1664
7808
3712
4992
896
7040
2944
6016
1920
8064
3968
4672
576
6720
2624
5696
1600
7744
3648
4928
832
6976
2880
5952
1856
8000
3904
4800
704
6848
2752
5824
1728
7872
3776
5056
960
7104
3008
6080
1984
8128
4032
4640
544
6688
2592
5664
1568
7712
3616
4896
800
6944
2848
5920
1824
7968
3872
4768
672
6816
2720
5792
1696
7840
3744
5024
928
7072
2976
6048
1952
8096
4000
4704
608
6752
2656
5728
1632
7776
3680
4960
864
7008
2912
5984
1888
8032
3936
4832
736
6880
2784
5856
1760
7904
3808
5088
992
7136
3040
6112
2016
8160
4064
4624
528
6672
2576
5648
1552
7696
3600
4880
784
6928
2832
5904
1808
7952
3856
4752
656
6800
2704
5776
1680
7824
3728
5008
912
7056
2960
6032
1936
8080
3984
4688
592
6736
2640
5712
1616
7760
3664
4944
848
6992
2896
5968
1872
8016
3920
4816
720
6864
2768
5840
1744
7888
3792
5072
976
7120
3024
6096
2000
8144
4048
4656
560
6704
2608
5680
1584
7728
3632
4912
816
6960
2864
5936
1840
7984
3888
4784
688
6832
2736
5808
1712
7856
3760
5040
944
7088
2992
6064
1968
8112
4016
4720
624
6768
2672
5744
1648
7792
3696
4976
880
7024
2928
6000
1904
8048
3952
4848
752
6896
2800
5872
1776
7920
3824
5104
1008
7152
3056
6128
2032
8176
4080
4616
520
6664
2568
5640
1544
7688
3592
4872
776
6920
2824
5896
1800
7944
3848
4744
648
6792
2696
5768
1672
7816
3720
5000
904
7048
2952
6024
1928
8072
3976
4680
584
6728
2632
5704
1608
7752
3656
4936
840
6984
2888
5960
1864
8008
3912
4808
712
6856
2760
5832
1736
7880
3784
5064
968
7112
3016
6088
1992
8136
4040
4648
552
6696
2600
5672
1576
7720
3624
4904
808
6952
2856
5928
1832
7976
3880
4776
680
6824
2728
5800
1704
7848
3752
5032
936
7080
2984
6056
1960
8104
4008
4712
616
6760
2664
5736
1640
7784
3688
4968
872
7016
2920
5992
1896
8040
3944
4840
744
6888
2792
5864
1768
7912
3816
5096
1000
7144
3048
6120
2024
8168
4072
4632
536
6680
2584
5656
1560
7704
3608
4888
792
6936
2840
5912
1816
7960
3864
4760
664
6808
2712
5784
1688
7832
3736
5016
920
7064
2968
6040
1944
8088
3992
4696
600
6744
2648
5720
1624
7768
3672
4952
856
7000
2904
5976
1880
8024
3928
4824
728
6872
2776
5848
1752
7896
3800
5080
984
7128
3032
6104
2008
8152
4056
4664
568
6712
2616
5688
1592
7736
3640
4920
824
6968
2872
5944
1848
7992
3896
4792
696
6840
2744
5816
1720
7864
3768
5048
952
7096
3000
6072
1976
8120
4024
4728
632
6776
2680
5752
1656
7800
3704
4984
888
7032
2936
6008
1912
8056
3960
4856
760
6904
2808
5880
1784
7928
3832
5112
1016
7160
3064
6136
2040
8184
4088
4612
516
6660
2564
5636
1540
7684
3588
4868
772
6916
2820
5892
1796
7940
3844
4740
644
6788
2692
5764
1668
7812
3716
4996
900
7044
2948
6020
1924
8068
3972
4676
580
6724
2628
5700
1604
7748
3652
4932
836
6980
2884
5956
1860
8004
3908
4804
708
6852
2756
5828
1732
7876
3780
5060
964
7108
3012
6084
1988
8132
4036
4644
548
6692
2596
5668
1572
7716
3620
4900
804
6948
2852
5924
1828
7972
3876
4772
676
6820
2724
5796
1700
7844
3748
5028
932
7076
2980
6052
1956
8100
4004
4708
612
6756
2660
5732
1636
7780
3684
4964
868
7012
2916
5988
1892
8036
3940
4836
740
6884
2788
5860
1764
7908
3812
5092
996
7140
3044
6116
2020
8164
4068
4628
532
6676
2580
5652
1556
7700
3604
4884
788
6932
2836
5908
1812
7956
3860
4756
660
6804
2708
5780
1684
7828
3732
5012
916
7060
2964
6036
1940
8084
3988
4692
596
6740
2644
5716
1620
7764
3668
4948
852
6996
2900
5972
1876
8020
3924
4820
724
6868
2772
5844
1748
7892
3796
5076
980
7124
3028
6100
2004
8148
4052
4660
564
6708
2612
5684
1588
7732
3636
4916
820
6964
2868
5940
1844
7988
3892
4788
692
6836
2740
5812
1716
7860
3764
5044
948
7092
2996
6068
1972
8116
4020
4724
628
6772
2676
5748
1652
7796
3700
4980
884
7028
2932
6004
1908
8052
3956
4852
756
6900
2804
5876
1780
7924
3828
5108
1012
7156
3060
6132
2036
8180
4084
4620
524
6668
2572
5644
1548
7692
3596
4876
780
6924
2828
5900
1804
7948
3852
4748
652
6796
2700
5772
1676
7820
3724
5004
908
7052
2956
6028
1932
8076
3980
4684
588
6732
2636
5708
1612
7756
3660
4940
844
6988
2892
5964
1868
8012
3916
4812
716
6860
2764
5836
1740
7884
3788
5068
972
7116
3020
6092
1996
8140
4044
4652
556
6700
2604
5676
1580
7724
3628
4908
812
6956
2860
5932
1836
7980
3884
4780
684
6828
2732
5804
1708
7852
3756
5036
940
7084
2988
6060
1964
8108
4012
4716
620
6764
2668
5740
1644
7788
3692
4972
876
7020
2924
5996
1900
8044
3948
4844
748
6892
2796
5868
1772
7916
3820
5100
1004
7148
3052
6124
2028
8172
4076
4636
540
6684
2588
5660
1564
7708
3612
4892
796
6940
2844
5916
1820
7964
3868
4764
668
6812
2716
5788
1692
7836
3740
5020
924
7068
2972
6044
1948
8092
3996
4700
604
6748
2652
5724
1628
7772
3676
4956
860
7004
2908
5980
1884
8028
3932
4828
732
6876
2780
5852
1756
7900
3804
5084
988
7132
3036
6108
2012
8156
4060
4668
572
6716
2620
5692
1596
7740
3644
4924
828
6972
2876
5948
1852
7996
3900
4796
700
6844
2748
5820
1724
7868
3772
5052
956
7100
3004
6076
1980
8124
4028
4732
636
6780
2684
5756
1660
7804
3708
4988
892
7036
2940
6012
1916
8060
3964
4860
764
6908
2812
5884
1788
7932
3836
5116
1020
7164
3068
6140
2044
8188
4092
4610
514
6658
2562
5634
1538
7682
3586
4866
770
6914
2818
5890
1794
7938
3842
4738
642
6786
2690
5762
1666
7810
3714
4994
898
7042
2946
6018
1922
8066
3970
4674
578
6722
2626
5698
1602
7746
3650
4930
834
6978
2882
5954
1858
8002
3906
4802
706
6850
2754
5826
1730
7874
3778
5058
962
7106
3010
6082
1986
8130
4034
4642
546
6690
2594
5666
1570
7714
3618
4898
802
6946
2850
5922
1826
7970
3874
4770
674
6818
2722
5794
1698
7842
3746
5026
930
7074
2978
6050
1954
8098
4002
4706
610
6754
2658
5730
1634
7778
3682
4962
866
7010
2914
5986
1890
8034
3938
4834
738
6882
2786
5858
1762
7906
3810
5090
994
7138
3042
6114
2018
8162
4066
4626
530
6674
2578
5650
1554
7698
3602
4882
786
6930
2834
5906
1810
7954
3858
4754
658
6802
2706
5778
1682
7826
3730
5010
914
7058
2962
6034
1938
8082
3986
4690
594
6738
2642
5714
1618
7762
3666
4946
850
6994
2898
5970
1874
8018
3922
4818
722
6866
2770
5842
1746
7890
3794
5074
978
7122
3026
6098
2002
8146
4050
4658
562
6706
2610
5682
1586
7730
3634
4914
818
6962
2866
5938
1842
7986
3890
4786
690
6834
2738
5810
1714
7858
3762
5042
946
7090
2994
6066
1970
8114
4018
4722
626
6770
2674
5746
1650
7794
3698
4978
882
7026
2930
6002
1906
8050
3954
4850
754
6898
2802
5874
1778
7922
3826
5106
1010
7154
3058
6130
2034
8178
4082
4618
522
6666
2570
5642
1546
7690
3594
4874
778
6922
2826
5898
1802
7946
3850
4746
650
6794
2698
5770
1674
7818
3722
5002
906
7050
2954
6026
1930
8074
3978
4682
586
6730
2634
5706
1610
7754
3658
4938
842
6986
2890
5962
1866
8010
3914
4810
714
6858
2762
5834
1738
7882
3786
5066
970
7114
3018
6090
1994
8138
4042
4650
554
6698
2602
5674
1578
7722
3626
4906
810
6954
2858
5930
1834
7978
3882
4778
682
6826
2730
5802
1706
7850
3754
5034
938
7082
2986
6058
1962
8106
4010
4714
618
6762
2666
5738
1642
7786
3690
4970
874
7018
2922
5994
1898
8042
3946
4842
746
6890
2794
5866
1770
7914
3818
5098
1002
7146
3050
6122
2026
8170
4074
4634
538
6682
2586
5658
1562
7706
3610
4890
794
6938
2842
5914
1818
7962
3866
4762
666
6810
2714
5786
1690
7834
3738
5018
922
7066
2970
6042
1946
8090
3994
4698
602
6746
2650
5722
1626
7770
3674
4954
858
7002
2906
5978
1882
8026
3930
4826
730
6874
2778
5850
1754
7898
3802
5082
986
7130
3034
6106
2010
8154
4058
4666
570
6714
2618
5690
1594
7738
3642
4922
826
6970
2874
5946
1850
7994
3898
4794
698
6842
2746
5818
1722
7866
3770
5050
954
7098
3002
6074
1978
8122
4026
4730
634
6778
2682
5754
1658
7802
3706
4986
890
7034
2938
6010
1914
8058
3962
4858
762
6906
2810
5882
1786
7930
3834
5114
1018
7162
3066
6138
2042
8186
4090
4614
518
6662
2566
5638
1542
7686
3590
4870
774
6918
2822
5894
1798
7942
3846
4742
646
6790
2694
5766
1670
7814
3718
4998
902
7046
2950
6022
1926
8070
3974
4678
582
6726
2630
5702
1606
7750
3654
4934
838
6982
2886
5958
1862
8006
3910
4806
710
6854
2758
5830
1734
7878
3782
5062
966
7110
3014
6086
1990
8134
4038
4646
550
6694
2598
5670
1574
7718
3622
4902
806
6950
2854
5926
1830
7974
3878
4774
678
6822
2726
5798
1702
7846
3750
5030
934
7078
2982
6054
1958
8102
4006
4710
614
6758
2662
5734
1638
7782
3686
4966
870
7014
2918
5990
1894
8038
3942
4838
742
6886
2790
5862
1766
7910
3814
5094
998
7142
3046
6118
2022
8166
4070
4630
534
6678
2582
5654
1558
7702
3606
4886
790
6934
2838
5910
1814
7958
3862
4758
662
6806
2710
5782
1686
7830
3734
5014
918
7062
2966
6038
1942
8086
3990
4694
598
6742
2646
5718
1622
7766
3670
4950
854
6998
2902
5974
1878
8022
3926
4822
726
6870
2774
5846
1750
7894
3798
5078
982
7126
3030
6102
2006
8150
4054
4662
566
6710
2614
5686
1590
7734
3638
4918
822
6966
2870
5942
1846
7990
3894
4790
694
6838
2742
5814
1718
7862
3766
5046
950
7094
2998
6070
1974
8118
4022
4726
630
6774
2678
5750
1654
7798
3702
4982
886
7030
2934
6006
1910
8054
3958
4854
758
6902
2806
5878
1782
7926
3830
5110
1014
7158
3062
6134
2038
8182
4086
4622
526
6670
2574
5646
1550
7694
3598
4878
782
6926
2830
5902
1806
7950
3854
4750
654
6798
2702
5774
1678
7822
3726
5006
910
7054
2958
6030
1934
8078
3982
4686
590
6734
2638
5710
1614
7758
3662
4942
846
6990
2894
5966
1870
8014
3918
4814
718
6862
2766
5838
1742
7886
3790
5070
974
7118
3022
6094
1998
8142
4046
4654
558
6702
2606
5678
1582
7726
3630
4910
814
6958
2862
5934
1838
7982
3886
4782
686
6830
2734
5806
1710
7854
3758
5038
942
7086
2990
6062
1966
8110
4014
4718
622
6766
2670
5742
1646
7790
3694
4974
878
7022
2926
5998
1902
8046
3950
4846
750
6894
2798
5870
1774
7918
3822
5102
1006
7150
3054
6126
2030
8174
4078
4638
542
6686
2590
5662
1566
7710
3614
4894
798
6942
2846
5918
1822
7966
3870
4766
670
6814
2718
5790
1694
7838
3742
5022
926
7070
2974
6046
1950
8094
3998
4702
606
6750
2654
5726
1630
7774
3678
4958
862
7006
2910
5982
1886
8030
3934
4830
734
6878
2782
5854
1758
7902
3806
5086
990
7134
3038
6110
2014
8158
4062
4670
574
6718
2622
5694
1598
7742
3646
4926
830
6974
2878
5950
1854
7998
3902
4798
702
6846
2750
5822
1726
7870
3774
5054
958
7102
3006
6078
1982
8126
4030
4734
638
6782
2686
5758
1662
7806
3710
4990
894
7038
2942
6014
1918
8062
3966
4862
766
6910
2814
5886
1790
7934
3838
5118
1022
7166
3070
6142
2046
8190
4094
4609
513
6657
2561
5633
1537
7681
3585
4865
769
6913
2817
5889
1793
7937
3841
4737
641
6785
2689
5761
1665
7809
3713
4993
897
7041
2945
6017
1921
8065
3969
4673
577
6721
2625
5697
1601
7745
3649
4929
833
6977
2881
5953
1857
8001
3905
4801
705
6849
2753
5825
1729
7873
3777
5057
961
7105
3009
6081
1985
8129
4033
4641
545
6689
2593
5665
1569
7713
3617
4897
801
6945
2849
5921
1825
7969
3873
4769
673
6817
2721
5793
1697
7841
3745
5025
929
7073
2977
6049
1953
8097
4001
4705
609
6753
2657
5729
1633
7777
3681
4961
865
7009
2913
5985
1889
8033
3937
4833
737
6881
2785
5857
1761
7905
3809
5089
993
7137
3041
6113
2017
8161
4065
4625
529
6673
2577
5649
1553
7697
3601
4881
785
6929
2833
5905
1809
7953
3857
4753
657
6801
2705
5777
1681
7825
3729
5009
913
7057
2961
6033
1937
8081
3985
4689
593
6737
2641
5713
1617
7761
3665
4945
849
6993
2897
5969
1873
8017
3921
4817
721
6865
2769
5841
1745
7889
3793
5073
977
7121
3025
6097
2001
8145
4049
4657
561
6705
2609
5681
1585
7729
3633
4913
817
6961
2865
5937
1841
7985
3889
4785
689
6833
2737
5809
1713
7857
3761
5041
945
7089
2993
6065
1969
8113
4017
4721
625
6769
2673
5745
1649
7793
3697
4977
881
7025
2929
6001
1905
8049
3953
4849
753
6897
2801
5873
1777
7921
3825
5105
1009
7153
3057
6129
2033
8177
4081
4617
521
6665
2569
5641
1545
7689
3593
4873
777
6921
2825
5897
1801
7945
3849
4745
649
6793
2697
5769
1673
7817
3721
5001
905
7049
2953
6025
1929
8073
3977
4681
585
6729
2633
5705
1609
7753
3657
4937
841
6985
2889
5961
1865
8009
3913
4809
713
6857
2761
5833
1737
7881
3785
5065
969
7113
3017
6089
1993
8137
4041
4649
553
6697
2601
5673
1577
7721
3625
4905
809
6953
2857
5929
1833
7977
3881
4777
681
6825
2729
5801
1705
7849
3753
5033
937
7081
2985
6057
1961
8105
4009
4713
617
6761
2665
5737
1641
7785
3689
4969
873
7017
2921
5993
1897
8041
3945
4841
745
6889
2793
5865
1769
7913
3817
5097
1001
7145
3049
6121
2025
8169
4073
4633
537
6681
2585
5657
1561
7705
3609
4889
793
6937
2841
5913
1817
7961
3865
4761
665
6809
2713
5785
1689
7833
3737
5017
921
7065
2969
6041
1945
8089
3993
4697
601
6745
2649
5721
1625
7769
3673
4953
857
7001
2905
5977
1881
8025
3929
4825
729
6873
2777
5849
1753
7897
3801
5081
985
7129
3033
6105
2009
8153
4057
4665
569
6713
2617
5689
1593
7737
3641
4921
825
6969
2873
5945
1849
7993
3897
4793
697
6841
2745
5817
1721
7865
3769
5049
953
7097
3001
6073
1977
8121
4025
4729
633
6777
2681
5753
1657
7801
3705
4985
889
7033
2937
6009
1913
8057
3961
4857
761
6905
2809
5881
1785
7929
3833
5113
1017
7161
3065
6137
2041
8185
4089
4613
517
6661
2565
5637
1541
7685
3589
4869
773
6917
2821
5893
1797
7941
3845
4741
645
6789
2693
5765
1669
7813
3717
4997
901
7045
2949
6021
1925
8069
3973
4677
581
6725
2629
5701
1605
7749
3653
4933
837
6981
2885
5957
1861
8005
3909
4805
709
6853
2757
5829
1733
7877
3781
5061
965
7109
3013
6085
1989
8133
4037
4645
549
6693
2597
5669
1573
7717
3621
4901
805
6949
2853
5925
1829
7973
3877
4773
677
6821
2725
5797
1701
7845
3749
5029
933
7077
2981
6053
1957
8101
4005
4709
613
6757
2661
5733
1637
7781
3685
4965
869
7013
2917
5989
1893
8037
3941
4837
741
6885
2789
5861
1765
7909
3813
5093
997
7141
3045
6117
2021
8165
4069
4629
533
6677
2581
5653
1557
7701
3605
4885
789
6933
2837
5909
1813
7957
3861
4757
661
6805
2709
5781
1685
7829
3733
5013
917
7061
2965
6037
1941
8085
3989
4693
597
6741
2645
5717
1621
7765
3669
4949
853
6997
2901
5973
1877
8021
3925
4821
725
6869
2773
5845
1749
7893
3797
5077
981
7125
3029
6101
2005
8149
4053
4661
565
6709
2613
5685
1589
7733
3637
4917
821
6965
2869
5941
1845
7989
3893
4789
693
6837
2741
5813
1717
7861
3765
5045
949
7093
2997
6069
1973
8117
4021
4725
629
6773
2677
5749
1653
7797
3701
4981
885
7029
2933
6005
1909
8053
3957
4853
757
6901
2805
5877
1781
7925
3829
5109
1013
7157
3061
6133
2037
8181
4085
4621
525
6669
2573
5645
1549
7693
3597
4877
781
6925
2829
5901
1805
7949
3853
4749
653
6797
2701
5773
1677
7821
3725
5005
909
7053
2957
6029
1933
8077
3981
4685
589
6733
2637
5709
1613
7757
3661
4941
845
6989
2893
5965
1869
8013
3917
4813
717
6861
2765
5837
1741
7885
3789
5069
973
7117
3021
6093
1997
8141
4045
4653
557
6701
2605
5677
1581
7725
3629
4909
813
6957
2861
5933
1837
7981
3885
4781
685
6829
2733
5805
1709
7853
3757
5037
941
7085
2989
6061
1965
8109
4013
4717
621
6765
2669
5741
1645
7789
3693
4973
877
7021
2925
5997
1901
8045
3949
4845
749
6893
2797
5869
1773
7917
3821
5101
1005
7149
3053
6125
2029
8173
4077
4637
541
6685
2589
5661
1565
7709
3613
4893
797
6941
2845
5917
1821
7965
3869
4765
669
6813
2717
5789
1693
7837
3741
5021
925
7069
2973
6045
1949
8093
3997
4701
605
6749
2653
5725
1629
7773
3677
4957
861
7005
2909
5981
1885
8029
3933
4829
733
6877
2781
5853
1757
7901
3805
5085
989
7133
3037
6109
2013
8157
4061
4669
573
6717
2621
5693
1597
7741
3645
4925
829
6973
2877
5949
1853
7997
3901
4797
701
6845
2749
5821
1725
7869
3773
5053
957
7101
3005
6077
1981
8125
4029
4733
637
6781
2685
5757
1661
7805
3709
4989
893
7037
2941
6013
1917
8061
3965
4861
765
6909
2813
5885
1789
7933
3837
5117
1021
7165
3069
6141
2045
8189
4093
4611
515
6659
2563
5635
1539
7683
3587
4867
771
6915
2819
5891
1795
7939
3843
4739
643
6787
2691
5763
1667
7811
3715
4995
899
7043
2947
6019
1923
8067
3971
4675
579
6723
2627
5699
1603
7747
3651
4931
835
6979
2883
5955
1859
8003
3907
4803
707
6851
2755
5827
1731
7875
3779
5059
963
7107
3011
6083
1987
8131
4035
4643
547
6691
2595
5667
1571
7715
3619
4899
803
6947
2851
5923
1827
7971
3875
4771
675
6819
2723
5795
1699
7843
3747
5027
931
7075
2979
6051
1955
8099
4003
4707
611
6755
2659
5731
1635
7779
3683
4963
867
7011
2915
5987
1891
8035
3939
4835
739
6883
2787
5859
1763
7907
3811
5091
995
7139
3043
6115
2019
8163
4067
4627
531
6675
2579
5651
1555
7699
3603
4883
787
6931
2835
5907
1811
7955
3859
4755
659
6803
2707
5779
1683
7827
3731
5011
915
7059
2963
6035
1939
8083
3987
4691
595
6739
2643
5715
1619
7763
3667
4947
851
6995
2899
5971
1875
8019
3923
4819
723
6867
2771
5843
1747
7891
3795
5075
979
7123
3027
6099
2003
8147
4051
4659
563
6707
2611
5683
1587
7731
3635
4915
819
6963
2867
5939
1843
7987
3891
4787
691
6835
2739
5811
1715
7859
3763
5043
947
7091
2995
6067
1971
8115
4019
4723
627
6771
2675
5747
1651
7795
3699
4979
883
7027
2931
6003
1907
8051
3955
4851
755
6899
2803
5875
1779
7923
3827
5107
1011
7155
3059
6131
2035
8179
4083
4619
523
6667
2571
5643
1547
7691
3595
4875
779
6923
2827
5899
1803
7947
3851
4747
651
6795
2699
5771
1675
7819
3723
5003
907
7051
2955
6027
1931
8075
3979
4683
587
6731
2635
5707
1611
7755
3659
4939
843
6987
2891
5963
1867
8011
3915
4811
715
6859
2763
5835
1739
7883
3787
5067
971
7115
3019
6091
1995
8139
4043
4651
555
6699
2603
5675
1579
7723
3627
4907
811
6955
2859
5931
1835
7979
3883
4779
683
6827
2731
5803
1707
7851
3755
5035
939
7083
2987
6059
1963
8107
4011
4715
619
6763
2667
5739
1643
7787
3691
4971
875
7019
2923
5995
1899
8043
3947
4843
747
6891
2795
5867
1771
7915
3819
5099
1003
7147
3051
6123
2027
8171
4075
4635
539
6683
2587
5659
1563
7707
3611
4891
795
6939
2843
5915
1819
7963
3867
4763
667
6811
2715
5787
1691
7835
3739
5019
923
7067
2971
6043
1947
8091
3995
4699
603
6747
2651
5723
1627
7771
3675
4955
859
7003
2907
5979
1883
8027
3931
4827
731
6875
2779
5851
1755
7899
3803
5083
987
7131
3035
6107
2011
8155
4059
4667
571
6715
2619
5691
1595
7739
3643
4923
827
6971
2875
5947
1851
7995
3899
4795
699
6843
2747
5819
1723
7867
3771
5051
955
7099
3003
6075
1979
8123
4027
4731
635
6779
2683
5755
1659
7803
3707
4987
891
7035
2939
6011
1915
8059
3963
4859
763
6907
2811
5883
1787
7931
3835
5115
1019
7163
3067
6139
2043
8187
4091
4615
519
6663
2567
5639
1543
7687
3591
4871
775
6919
2823
5895
1799
7943
3847
4743
647
6791
2695
5767
1671
7815
3719
4999
903
7047
2951
6023
1927
8071
3975
4679
583
6727
2631
5703
1607
7751
3655
4935
839
6983
2887
5959
1863
8007
3911
4807
711
6855
2759
5831
1735
7879
3783
5063
967
7111
3015
6087
1991
8135
4039
4647
551
6695
2599
5671
1575
7719
3623
4903
807
6951
2855
5927
1831
7975
3879
4775
679
6823
2727
5799
1703
7847
3751
5031
935
7079
2983
6055
1959
8103
4007
4711
615
6759
2663
5735
1639
7783
3687
4967
871
7015
2919
5991
1895
8039
3943
4839
743
6887
2791
5863
1767
7911
3815
5095
999
7143
3047
6119
2023
8167
4071
4631
535
6679
2583
5655
1559
7703
3607
4887
791
6935
2839
5911
1815
7959
3863
4759
663
6807
2711
5783
1687
7831
3735
5015
919
7063
2967
6039
1943
8087
3991
4695
599
6743
2647
5719
1623
7767
3671
4951
855
6999
2903
5975
1879
8023
3927
4823
727
6871
2775
5847
1751
7895
3799
5079
983
7127
3031
6103
2007
8151
4055
4663
567
6711
2615
5687
1591
7735
3639
4919
823
6967
2871
5943
1847
7991
3895
4791
695
6839
2743
5815
1719
7863
3767
5047
951
7095
2999
6071
1975
8119
4023
4727
631
6775
2679
5751
1655
7799
3703
4983
887
7031
2935
6007
1911
8055
3959
4855
759
6903
2807
5879
1783
7927
3831
5111
1015
7159
3063
6135
2039
8183
4087
4623
527
6671
2575
5647
1551
7695
3599
4879
783
6927
2831
5903
1807
7951
3855
4751
655
6799
2703
5775
1679
7823
3727
5007
911
7055
2959
6031
1935
8079
3983
4687
591
6735
2639
5711
1615
7759
3663
4943
847
6991
2895
5967
1871
8015
3919
4815
719
6863
2767
5839
1743
7887
3791
5071
975
7119
3023
6095
1999
8143
4047
4655
559
6703
2607
5679
1583
7727
3631
4911
815
6959
2863
5935
1839
7983
3887
4783
687
6831
2735
5807
1711
7855
3759
5039
943
7087
2991
6063
1967
8111
4015
4719
623
6767
2671
5743
1647
7791
3695
4975
879
7023
2927
5999
1903
8047
3951
4847
751
6895
2799
5871
1775
7919
3823
5103
1007
7151
3055
6127
2031
8175
4079
4639
543
6687
2591
5663
1567
7711
3615
4895
799
6943
2847
5919
1823
7967
3871
4767
671
6815
2719
5791
1695
7839
3743
5023
927
7071
2975
6047
1951
8095
3999
4703
607
6751
2655
5727
1631
7775
3679
4959
863
7007
2911
5983
1887
8031
3935
4831
735
6879
2783
5855
1759
7903
3807
5087
991
7135
3039
6111
2015
8159
4063
4671
575
6719
2623
5695
1599
7743
3647
4927
831
6975
2879
5951
1855
7999
3903
4799
703
6847
2751
5823
1727
7871
3775
5055
959
7103
3007
6079
1983
8127
4031
4735
639
6783
2687
5759
1663
7807
3711
4991
895
7039
2943
6015
1919
8063
3967
4863
767
6911
2815
5887
1791
7935
3839
5119
1023
7167
3071
6143
2047
8191
4095
