2048
0
3072
1024
2560
512
3584
1536
2176
128
3200
1152
2688
640
3712
1664
2112
64
3136
1088
2624
576
3648
1600
2240
192
3264
1216
2752
704
3776
1728
2080
32
3104
1056
2592
544
3616
1568
2208
160
3232
1184
2720
672
3744
1696
2144
96
3168
1120
2656
608
3680
1632
2272
224
3296
1248
2784
736
3808
1760
2064
16
3088
1040
2576
528
3600
1552
2192
144
3216
1168
2704
656
3728
1680
2128
80
3152
1104
2640
592
3664
1616
2256
208
3280
1232
2768
720
3792
1744
2096
48
3120
1072
2608
560
3632
1584
2224
176
3248
1200
2736
688
3760
1712
2160
112
3184
1136
2672
624
3696
1648
2288
240
3312
1264
2800
752
3824
1776
2056
8
3080
1032
2568
520
3592
1544
2184
136
3208
1160
2696
648
3720
1672
2120
72
3144
1096
2632
584
3656
1608
2248
200
3272
1224
2760
712
3784
1736
2088
40
3112
1064
2600
552
3624
1576
2216
168
3240
1192
2728
680
3752
1704
2152
104
3176
1128
2664
616
3688
1640
2280
232
3304
1256
2792
744
3816
1768
2072
24
3096
1048
2584
536
3608
1560
2200
152
3224
1176
2712
664
3736
1688
2136
88
3160
1112
2648
600
3672
1624
2264
216
3288
1240
2776
728
3800
1752
2104
56
3128
1080
2616
568
3640
1592
2232
184
3256
1208
2744
696
3768
1720
2168
120
3192
1144
2680
632
3704
1656
2296
248
3320
1272
2808
760
3832
1784
2052
4
3076
1028
2564
516
3588
1540
2180
132
3204
1156
2692
644
3716
1668
2116
68
3140
1092
2628
580
3652
1604
2244
196
3268
1220
2756
708
3780
1732
2084
36
3108
1060
2596
548
3620
1572
2212
164
3236
1188
2724
676
3748
1700
2148
100
3172
1124
2660
612
3684
1636
2276
228
3300
1252
2788
740
3812
1764
2068
20
3092
1044
2580
532
3604
1556
2196
148
3220
1172
2708
660
3732
1684
2132
84
3156
1108
2644
596
3668
1620
2260
212
3284
1236
2772
724
3796
1748
2100
52
3124
1076
2612
564
3636
1588
2228
180
3252
1204
2740
692
3764
1716
2164
116
3188
1140
2676
628
3700
1652
2292
244
3316
1268
2804
756
3828
1780
2060
12
3084
1036
2572
524
3596
1548
2188
140
3212
1164
2700
652
3724
1676
2124
76
3148
1100
2636
588
3660
1612
2252
204
3276
1228
2764
716
3788
1740
2092
44
3116
1068
2604
556
3628
1580
2220
172
3244
1196
2732
684
3756
1708
2156
108
3180
1132
2668
620
3692
1644
2284
236
3308
1260
2796
748
3820
1772
2076
28
3100
1052
2588
540
3612
1564
2204
156
3228
1180
2716
668
3740
1692
2140
92
3164
1116
2652
604
3676
1628
2268
220
3292
1244
2780
732
3804
1756
2108
60
3132
1084
2620
572
3644
1596
2236
188
3260
1212
2748
700
3772
1724
2172
124
3196
1148
2684
636
3708
1660
2300
252
3324
1276
2812
764
3836
1788
2050
2
3074
1026
2562
514
3586
1538
2178
130
3202
1154
2690
642
3714
1666
2114
66
3138
1090
2626
578
3650
1602
2242
194
3266
1218
2754
706
3778
1730
2082
34
3106
1058
2594
546
3618
1570
2210
162
3234
1186
2722
674
3746
1698
2146
98
3170
1122
2658
610
3682
1634
2274
226
3298
1250
2786
738
3810
1762
2066
18
3090
1042
2578
530
3602
1554
2194
146
3218
1170
2706
658
3730
1682
2130
82
3154
1106
2642
594
3666
1618
2258
210
3282
1234
2770
722
3794
1746
2098
50
3122
1074
2610
562
3634
1586
2226
178
3250
1202
2738
690
3762
1714
2162
114
3186
1138
2674
626
3698
1650
2290
242
3314
1266
2802
754
3826
1778
2058
10
3082
1034
2570
522
3594
1546
2186
138
3210
1162
2698
650
3722
1674
2122
74
3146
1098
2634
586
3658
1610
2250
202
3274
1226
2762
714
3786
1738
2090
42
3114
1066
2602
554
3626
1578
2218
170
3242
1194
2730
682
3754
1706
2154
106
3178
1130
2666
618
3690
1642
2282
234
3306
1258
2794
746
3818
1770
2074
26
3098
1050
2586
538
3610
1562
2202
154
3226
1178
2714
666
3738
1690
2138
90
3162
1114
2650
602
3674
1626
2266
218
3290
1242
2778
730
3802
1754
2106
58
3130
1082
2618
570
3642
1594
2234
186
3258
1210
2746
698
3770
1722
2170
122
3194
1146
2682
634
3706
1658
2298
250
3322
1274
2810
762
3834
1786
2054
6
3078
1030
2566
518
3590
1542
2182
134
3206
1158
2694
646
3718
1670
2118
70
3142
1094
2630
582
3654
1606
2246
198
3270
1222
2758
710
3782
1734
2086
38
3110
1062
2598
550
3622
1574
2214
166
3238
1190
2726
678
3750
1702
2150
102
3174
1126
2662
614
3686
1638
2278
230
3302
1254
2790
742
3814
1766
2070
22
3094
1046
2582
534
3606
1558
2198
150
3222
1174
2710
662
3734
1686
2134
86
3158
1110
2646
598
3670
1622
2262
214
3286
1238
2774
726
3798
1750
2102
54
3126
1078
2614
566
3638
1590
2230
182
3254
1206
2742
694
3766
1718
2166
118
3190
1142
2678
630
3702
1654
2294
246
3318
1270
2806
758
3830
1782
2062
14
3086
1038
2574
526
3598
1550
2190
142
3214
1166
2702
654
3726
1678
2126
78
3150
1102
2638
590
3662
1614
2254
206
3278
1230
2766
718
3790
1742
2094
46
3118
1070
2606
558
3630
1582
2222
174
3246
1198
2734
686
3758
1710
2158
110
3182
1134
2670
622
3694
1646
2286
238
3310
1262
2798
750
3822
1774
2078
30
3102
1054
2590
542
3614
1566
2206
158
3230
1182
2718
670
3742
1694
2142
94
3166
1118
2654
606
3678
1630
2270
222
3294
1246
2782
734
3806
1758
2110
62
3134
1086
2622
574
3646
1598
2238
190
3262
1214
2750
702
3774
1726
2174
126
3198
1150
2686
638
3710
1662
2302
254
3326
1278
2814
766
3838
1790
2049
1
3073
1025
2561
513
3585
1537
2177
129
3201
1153
2689
641
3713
1665
2113
65
3137
1089
2625
577
3649
1601
2241
193
3265
1217
2753
705
3777
1729
2081
33
3105
1057
2593
545
3617
1569
2209
161
3233
1185
2721
673
3745
1697
2145
97
3169
1121
2657
609
3681
1633
2273
225
3297
1249
2785
737
3809
1761
2065
17
3089
1041
2577
529
3601
1553
2193
145
3217
1169
2705
657
3729
1681
2129
81
3153
1105
2641
593
3665
1617
2257
209
3281
1233
2769
721
3793
1745
2097
49
3121
1073
2609
561
3633
1585
2225
177
3249
1201
2737
689
3761
1713
2161
113
3185
1137
2673
625
3697
1649
2289
241
3313
1265
2801
753
3825
1777
2057
9
3081
1033
2569
521
3593
1545
2185
137
3209
1161
2697
649
3721
1673
2121
73
3145
1097
2633
585
3657
1609
2249
201
3273
1225
2761
713
3785
1737
2089
41
3113
1065
2601
553
3625
1577
2217
169
3241
1193
2729
681
3753
1705
2153
105
3177
1129
2665
617
3689
1641
2281
233
3305
1257
2793
745
3817
1769
2073
25
3097
1049
2585
537
3609
1561
2201
153
3225
1177
2713
665
3737
1689
2137
89
3161
1113
2649
601
3673
1625
2265
217
3289
1241
2777
729
3801
1753
2105
57
3129
1081
2617
569
3641
1593
2233
185
3257
1209
2745
697
3769
1721
2169
121
3193
1145
2681
633
3705
1657
2297
249
3321
1273
2809
761
3833
1785
2053
5
3077
1029
2565
517
3589
1541
2181
133
3205
1157
2693
645
3717
1669
2117
69
3141
1093
2629
581
3653
1605
2245
197
3269
1221
2757
709
3781
1733
2085
37
3109
1061
2597
549
3621
1573
2213
165
3237
1189
2725
677
3749
1701
2149
101
3173
1125
2661
613
3685
1637
2277
229
3301
1253
2789
741
3813
1765
2069
21
3093
1045
2581
533
3605
1557
2197
149
3221
1173
2709
661
3733
1685
2133
85
3157
1109
2645
597
3669
1621
2261
213
3285
1237
2773
725
3797
1749
2101
53
3125
1077
2613
565
3637
1589
2229
181
3253
1205
2741
693
3765
1717
2165
117
3189
1141
2677
629
3701
1653
2293
245
3317
1269
2805
757
3829
1781
2061
13
3085
1037
2573
525
3597
1549
2189
141
3213
1165
2701
653
3725
1677
2125
77
3149
1101
2637
589
3661
1613
2253
205
3277
1229
2765
717
3789
1741
2093
45
3117
1069
2605
557
3629
1581
2221
173
3245
1197
2733
685
3757
1709
2157
109
3181
1133
2669
621
3693
1645
2285
237
3309
1261
2797
749
3821
1773
2077
29
3101
1053
2589
541
3613
1565
2205
157
3229
1181
2717
669
3741
1693
2141
93
3165
1117
2653
605
3677
1629
2269
221
3293
1245
2781
733
3805
1757
2109
61
3133
1085
2621
573
3645
1597
2237
189
3261
1213
2749
701
3773
1725
2173
125
3197
1149
2685
637
3709
1661
2301
253
3325
1277
2813
765
3837
1789
2051
3
3075
1027
2563
515
3587
1539
2179
131
3203
1155
2691
643
3715
1667
2115
67
3139
1091
2627
579
3651
1603
2243
195
3267
1219
2755
707
3779
1731
2083
35
3107
1059
2595
547
3619
1571
2211
163
3235
1187
2723
675
3747
1699
2147
99
3171
1123
2659
611
3683
1635
2275
227
3299
1251
2787
739
3811
1763
2067
19
3091
1043
2579
531
3603
1555
2195
147
3219
1171
2707
659
3731
1683
2131
83
3155
1107
2643
595
3667
1619
2259
211
3283
1235
2771
723
3795
1747
2099
51
3123
1075
2611
563
3635
1587
2227
179
3251
1203
2739
691
3763
1715
2163
115
3187
1139
2675
627
3699
1651
2291
243
3315
1267
2803
755
3827
1779
2059
11
3083
1035
2571
523
3595
1547
2187
139
3211
1163
2699
651
3723
1675
2123
75
3147
1099
2635
587
3659
1611
2251
203
3275
1227
2763
715
3787
1739
2091
43
3115
1067
2603
555
3627
1579
2219
171
3243
1195
2731
683
3755
1707
2155
107
3179
1131
2667
619
3691
1643
2283
235
3307
1259
2795
747
3819
1771
2075
27
3099
1051
2587
539
3611
1563
2203
155
3227
1179
2715
667
3739
1691
2139
91
3163
1115
2651
603
3675
1627
2267
219
3291
1243
2779
731
3803
1755
2107
59
3131
1083
2619
571
3643
1595
2235
187
3259
1211
2747
699
3771
1723
2171
123
3195
1147
2683
635
3707
1659
2299
251
3323
1275
2811
763
3835
1787
2055
7
3079
1031
2567
519
3591
1543
2183
135
3207
1159
2695
647
3719
1671
2119
71
3143
1095
2631
583
3655
1607
2247
199
3271
1223
2759
711
3783
1735
2087
39
3111
1063
2599
551
3623
1575
2215
167
3239
1191
2727
679
3751
1703
2151
103
3175
1127
2663
615
3687
1639
2279
231
3303
1255
2791
743
3815
1767
2071
23
3095
1047
2583
535
3607
1559
2199
151
3223
1175
2711
663
3735
1687
2135
87
3159
1111
2647
599
3671
1623
2263
215
3287
1239
2775
727
3799
1751
2103
55
3127
1079
2615
567
3639
1591
2231
183
3255
1207
2743
695
3767
1719
2167
119
3191
1143
2679
631
3703
1655
2295
247
3319
1271
2807
759
3831
1783
2063
15
3087
1039
2575
527
3599
1551
2191
143
3215
1167
2703
655
3727
1679
2127
79
3151
1103
2639
591
3663
1615
2255
207
3279
1231
2767
719
3791
1743
2095
47
3119
1071
2607
559
3631
1583
2223
175
3247
1199
2735
687
3759
1711
2159
111
3183
1135
2671
623
3695
1647
2287
239
3311
1263
2799
751
3823
1775
2079
31
3103
1055
2591
543
3615
1567
2207
159
3231
1183
2719
671
3743
1695
2143
95
3167
1119
2655
607
3679
1631
2271
223
3295
1247
2783
735
3807
1759
2111
63
3135
1087
2623
575
3647
1599
2239
191
3263
1215
2751
703
3775
1727
2175
127
3199
1151
2687
639
3711
1663
2303
255
3327
1279
2815
767
3839
1791
