4096
0
6144
2048
5120
1024
7168
3072
4352
256
6400
2304
5376
1280
7424
3328
4224
128
6272
2176
5248
1152
7296
3200
4480
384
6528
2432
5504
1408
7552
3456
4160
64
6208
2112
5184
1088
7232
3136
4416
320
6464
2368
5440
1344
7488
3392
4288
192
6336
2240
5312
1216
7360
3264
4544
448
6592
2496
5568
1472
7616
3520
4128
32
6176
2080
5152
1056
7200
3104
4384
288
6432
2336
5408
1312
7456
3360
4256
160
6304
2208
5280
1184
7328
3232
4512
416
6560
2464
5536
1440
7584
3488
4192
96
6240
2144
5216
1120
7264
3168
4448
352
6496
2400
5472
1376
7520
3424
4320
224
6368
2272
5344
1248
7392
3296
4576
480
6624
2528
5600
1504
7648
3552
4112
16
6160
2064
5136
1040
7184
3088
4368
272
6416
2320
5392
1296
7440
3344
4240
144
6288
2192
5264
1168
7312
3216
4496
400
6544
2448
5520
1424
7568
3472
4176
80
6224
2128
5200
1104
7248
3152
4432
336
6480
2384
5456
1360
7504
3408
4304
208
6352
2256
5328
1232
7376
3280
4560
464
6608
2512
5584
1488
7632
3536
4144
48
6192
2096
5168
1072
7216
3120
4400
304
6448
2352
5424
1328
7472
3376
4272
176
6320
2224
5296
1200
7344
3248
4528
432
6576
2480
5552
1456
7600
3504
4208
112
6256
2160
5232
1136
7280
3184
4464
368
6512
2416
5488
1392
7536
3440
4336
240
6384
2288
5360
1264
7408
3312
4592
496
6640
2544
5616
1520
7664
3568
4104
8
6152
2056
5128
1032
7176
3080
4360
264
6408
2312
5384
1288
7432
3336
4232
136
6280
2184
5256
1160
7304
3208
4488
392
6536
2440
5512
1416
7560
3464
4168
72
6216
2120
5192
1096
7240
3144
4424
328
6472
2376
5448
1352
7496
3400
4296
200
6344
2248
5320
1224
7368
3272
4552
456
6600
2504
5576
1480
7624
3528
4136
40
6184
2088
5160
1064
7208
3112
4392
296
6440
2344
5416
1320
7464
3368
4264
168
6312
2216
5288
1192
7336
3240
4520
424
6568
2472
5544
1448
7592
3496
4200
104
6248
2152
5224
1128
7272
3176
4456
360
6504
2408
5480
1384
7528
3432
4328
232
6376
2280
5352
1256
7400
3304
4584
488
6632
2536
5608
1512
7656
3560
4120
24
6168
2072
5144
1048
7192
3096
4376
280
6424
2328
5400
1304
7448
3352
4248
152
6296
2200
5272
1176
7320
3224
4504
408
6552
2456
5528
1432
7576
3480
4184
88
6232
2136
5208
1112
7256
3160
4440
344
6488
2392
5464
1368
7512
3416
4312
216
6360
2264
5336
1240
7384
3288
4568
472
6616
2520
5592
1496
7640
3544
4152
56
6200
2104
5176
1080
7224
3128
4408
312
6456
2360
5432
1336
7480
3384
4280
184
6328
2232
5304
1208
7352
3256
4536
440
6584
2488
5560
1464
7608
3512
4216
120
6264
2168
5240
1144
7288
3192
4472
376
6520
2424
5496
1400
7544
3448
4344
248
6392
2296
5368
1272
7416
3320
4600
504
6648
2552
5624
1528
7672
3576
4100
4
6148
2052
5124
1028
7172
3076
4356
260
6404
2308
5380
1284
7428
3332
4228
132
6276
2180
5252
1156
7300
3204
4484
388
6532
2436
5508
1412
7556
3460
4164
68
6212
2116
5188
1092
7236
3140
4420
324
6468
2372
5444
1348
7492
3396
4292
196
6340
2244
5316
1220
7364
3268
4548
452
6596
2500
5572
1476
7620
3524
4132
36
6180
2084
5156
1060
7204
3108
4388
292
6436
2340
5412
1316
7460
3364
4260
164
6308
2212
5284
1188
7332
3236
4516
420
6564
2468
5540
1444
7588
3492
4196
100
6244
2148
5220
1124
7268
3172
4452
356
6500
2404
5476
1380
7524
3428
4324
228
6372
2276
5348
1252
7396
3300
4580
484
6628
2532
5604
1508
7652
3556
4116
20
6164
2068
5140
1044
7188
3092
4372
276
6420
2324
5396
1300
7444
3348
4244
148
6292
2196
5268
1172
7316
3220
4500
404
6548
2452
5524
1428
7572
3476
4180
84
6228
2132
5204
1108
7252
3156
4436
340
6484
2388
5460
1364
7508
3412
4308
212
6356
2260
5332
1236
7380
3284
4564
468
6612
2516
5588
1492
7636
3540
4148
52
6196
2100
5172
1076
7220
3124
4404
308
6452
2356
5428
1332
7476
3380
4276
180
6324
2228
5300
1204
7348
3252
4532
436
6580
2484
5556
1460
7604
3508
4212
116
6260
2164
5236
1140
7284
3188
4468
372
6516
2420
5492
1396
7540
3444
4340
244
6388
2292
5364
1268
7412
3316
4596
500
6644
2548
5620
1524
7668
3572
4108
12
6156
2060
5132
1036
7180
3084
4364
268
6412
2316
5388
1292
7436
3340
4236
140
6284
2188
5260
1164
7308
3212
4492
396
6540
2444
5516
1420
7564
3468
4172
76
6220
2124
5196
1100
7244
3148
4428
332
6476
2380
5452
1356
7500
3404
4300
204
6348
2252
5324
1228
7372
3276
4556
460
6604
2508
5580
1484
7628
3532
4140
44
6188
2092
5164
1068
7212
3116
4396
300
6444
2348
5420
1324
7468
3372
4268
172
6316
2220
5292
1196
7340
3244
4524
428
6572
2476
5548
1452
7596
3500
4204
108
6252
2156
5228
1132
7276
3180
4460
364
6508
2412
5484
1388
7532
3436
4332
236
6380
2284
5356
1260
7404
3308
4588
492
6636
2540
5612
1516
7660
3564
4124
28
6172
2076
5148
1052
7196
3100
4380
284
6428
2332
5404
1308
7452
3356
4252
156
6300
2204
5276
1180
7324
3228
4508
412
6556
2460
5532
1436
7580
3484
4188
92
6236
2140
5212
1116
7260
3164
4444
348
6492
2396
5468
1372
7516
3420
4316
220
6364
2268
5340
1244
7388
3292
4572
476
6620
2524
5596
1500
7644
3548
4156
60
6204
2108
5180
1084
7228
3132
4412
316
6460
2364
5436
1340
7484
3388
4284
188
6332
2236
5308
1212
7356
3260
4540
444
6588
2492
5564
1468
7612
3516
4220
124
6268
2172
5244
1148
7292
3196
4476
380
6524
2428
5500
1404
7548
3452
4348
252
6396
2300
5372
1276
7420
3324
4604
508
6652
2556
5628
1532
7676
3580
4098
2
6146
2050
5122
1026
7170
3074
4354
258
6402
2306
5378
1282
7426
3330
4226
130
6274
2178
5250
1154
7298
3202
4482
386
6530
2434
5506
1410
7554
3458
4162
66
6210
2114
5186
1090
7234
3138
4418
322
6466
2370
5442
1346
7490
3394
4290
194
6338
2242
5314
1218
7362
3266
4546
450
6594
2498
5570
1474
7618
3522
4130
34
6178
2082
5154
1058
7202
3106
4386
290
6434
2338
5410
1314
7458
3362
4258
162
6306
2210
5282
1186
7330
3234
4514
418
6562
2466
5538
1442
7586
3490
4194
98
6242
2146
5218
1122
7266
3170
4450
354
6498
2402
5474
1378
7522
3426
4322
226
6370
2274
5346
1250
7394
3298
4578
482
6626
2530
5602
1506
7650
3554
4114
18
6162
2066
5138
1042
7186
3090
4370
274
6418
2322
5394
1298
7442
3346
4242
146
6290
2194
5266
1170
7314
3218
4498
402
6546
2450
5522
1426
7570
3474
4178
82
6226
2130
5202
1106
7250
3154
4434
338
6482
2386
5458
1362
7506
3410
4306
210
6354
2258
5330
1234
7378
3282
4562
466
6610
2514
5586
1490
7634
3538
4146
50
6194
2098
5170
1074
7218
3122
4402
306
6450
2354
5426
1330
7474
3378
4274
178
6322
2226
5298
1202
7346
3250
4530
434
6578
2482
5554
1458
7602
3506
4210
114
6258
2162
5234
1138
7282
3186
4466
370
6514
2418
5490
1394
7538
3442
4338
242
6386
2290
5362
1266
7410
3314
4594
498
6642
2546
5618
1522
7666
3570
4106
10
6154
2058
5130
1034
7178
3082
4362
266
6410
2314
5386
1290
7434
3338
4234
138
6282
2186
5258
1162
7306
3210
4490
394
6538
2442
5514
1418
7562
3466
4170
74
6218
2122
5194
1098
7242
3146
4426
330
6474
2378
5450
1354
7498
3402
4298
202
6346
2250
5322
1226
7370
3274
4554
458
6602
2506
5578
1482
7626
3530
4138
42
6186
2090
5162
1066
7210
3114
4394
298
6442
2346
5418
1322
7466
3370
4266
170
6314
2218
5290
1194
7338
3242
4522
426
6570
2474
5546
1450
7594
3498
4202
106
6250
2154
5226
1130
7274
3178
4458
362
6506
2410
5482
1386
7530
3434
4330
234
6378
2282
5354
1258
7402
3306
4586
490
6634
2538
5610
1514
7658
3562
4122
26
6170
2074
5146
1050
7194
3098
4378
282
6426
2330
5402
1306
7450
3354
4250
154
6298
2202
5274
1178
7322
3226
4506
410
6554
2458
5530
1434
7578
3482
4186
90
6234
2138
5210
1114
7258
3162
4442
346
6490
2394
5466
1370
7514
3418
4314
218
6362
2266
5338
1242
7386
3290
4570
474
6618
2522
5594
1498
7642
3546
4154
58
6202
2106
5178
1082
7226
3130
4410
314
6458
2362
5434
1338
7482
3386
4282
186
6330
2234
5306
1210
7354
3258
4538
442
6586
2490
5562
1466
7610
3514
4218
122
6266
2170
5242
1146
7290
3194
4474
378
6522
2426
5498
1402
7546
3450
4346
250
6394
2298
5370
1274
7418
3322
4602
506
6650
2554
5626
1530
7674
3578
4102
6
6150
2054
5126
1030
7174
3078
4358
262
6406
2310
5382
1286
7430
3334
4230
134
6278
2182
5254
1158
7302
3206
4486
390
6534
2438
5510
1414
7558
3462
4166
70
6214
2118
5190
1094
7238
3142
4422
326
6470
2374
5446
1350
7494
3398
4294
198
6342
2246
5318
1222
7366
3270
4550
454
6598
2502
5574
1478
7622
3526
4134
38
6182
2086
5158
1062
7206
3110
4390
294
6438
2342
5414
1318
7462
3366
4262
166
6310
2214
5286
1190
7334
3238
4518
422
6566
2470
5542
1446
7590
3494
4198
102
6246
2150
5222
1126
7270
3174
4454
358
6502
2406
5478
1382
7526
3430
4326
230
6374
2278
5350
1254
7398
3302
4582
486
6630
2534
5606
1510
7654
3558
4118
22
6166
2070
5142
1046
7190
3094
4374
278
6422
2326
5398
1302
7446
3350
4246
150
6294
2198
5270
1174
7318
3222
4502
406
6550
2454
5526
1430
7574
3478
4182
86
6230
2134
5206
1110
7254
3158
4438
342
6486
2390
5462
1366
7510
3414
4310
214
6358
2262
5334
1238
7382
3286
4566
470
6614
2518
5590
1494
7638
3542
4150
54
6198
2102
5174
1078
7222
3126
4406
310
6454
2358
5430
1334
7478
3382
4278
182
6326
2230
5302
1206
7350
3254
4534
438
6582
2486
5558
1462
7606
3510
4214
118
6262
2166
5238
1142
7286
3190
4470
374
6518
2422
5494
1398
7542
3446
4342
246
6390
2294
5366
1270
7414
3318
4598
502
6646
2550
5622
1526
7670
3574
4110
14
6158
2062
5134
1038
7182
3086
4366
270
6414
2318
5390
1294
7438
3342
4238
142
6286
2190
5262
1166
7310
3214
4494
398
6542
2446
5518
1422
7566
3470
4174
78
6222
2126
5198
1102
7246
3150
4430
334
6478
2382
5454
1358
7502
3406
4302
206
6350
2254
5326
1230
7374
3278
4558
462
6606
2510
5582
1486
7630
3534
4142
46
6190
2094
5166
1070
7214
3118
4398
302
6446
2350
5422
1326
7470
3374
4270
174
6318
2222
5294
1198
7342
3246
4526
430
6574
2478
5550
1454
7598
3502
4206
110
6254
2158
5230
1134
7278
3182
4462
366
6510
2414
5486
1390
7534
3438
4334
238
6382
2286
5358
1262
7406
3310
4590
494
6638
2542
5614
1518
7662
3566
4126
30
6174
2078
5150
1054
7198
3102
4382
286
6430
2334
5406
1310
7454
3358
4254
158
6302
2206
5278
1182
7326
3230
4510
414
6558
2462
5534
1438
7582
3486
4190
94
6238
2142
5214
1118
7262
3166
4446
350
6494
2398
5470
1374
7518
3422
4318
222
6366
2270
5342
1246
7390
3294
4574
478
6622
2526
5598
1502
7646
3550
4158
62
6206
2110
5182
1086
7230
3134
4414
318
6462
2366
5438
1342
7486
3390
4286
190
6334
2238
5310
1214
7358
3262
4542
446
6590
2494
5566
1470
7614
3518
4222
126
6270
2174
5246
1150
7294
3198
4478
382
6526
2430
5502
1406
7550
3454
4350
254
6398
2302
5374
1278
7422
3326
4606
510
6654
2558
5630
1534
7678
3582
4097
1
6145
2049
5121
1025
7169
3073
4353
257
6401
2305
5377
1281
7425
3329
4225
129
6273
2177
5249
1153
7297
3201
4481
385
6529
2433
5505
1409
7553
3457
4161
65
6209
2113
5185
1089
7233
3137
4417
321
6465
2369
5441
1345
7489
3393
4289
193
6337
2241
5313
1217
7361
3265
4545
449
6593
2497
5569
1473
7617
3521
4129
33
6177
2081
5153
1057
7201
3105
4385
289
6433
2337
5409
1313
7457
3361
4257
161
6305
2209
5281
1185
7329
3233
4513
417
6561
2465
5537
1441
7585
3489
4193
97
6241
2145
5217
1121
7265
3169
4449
353
6497
2401
5473
1377
7521
3425
4321
225
6369
2273
5345
1249
7393
3297
4577
481
6625
2529
5601
1505
7649
3553
4113
17
6161
2065
5137
1041
7185
3089
4369
273
6417
2321
5393
1297
7441
3345
4241
145
6289
2193
5265
1169
7313
3217
4497
401
6545
2449
5521
1425
7569
3473
4177
81
6225
2129
5201
1105
7249
3153
4433
337
6481
2385
5457
1361
7505
3409
4305
209
6353
2257
5329
1233
7377
3281
4561
465
6609
2513
5585
1489
7633
3537
4145
49
6193
2097
5169
1073
7217
3121
4401
305
6449
2353
5425
1329
7473
3377
4273
177
6321
2225
5297
1201
7345
3249
4529
433
6577
2481
5553
1457
7601
3505
4209
113
6257
2161
5233
1137
7281
3185
4465
369
6513
2417
5489
1393
7537
3441
4337
241
6385
2289
5361
1265
7409
3313
4593
497
6641
2545
5617
1521
7665
3569
4105
9
6153
2057
5129
1033
7177
3081
4361
265
6409
2313
5385
1289
7433
3337
4233
137
6281
2185
5257
1161
7305
3209
4489
393
6537
2441
5513
1417
7561
3465
4169
73
6217
2121
5193
1097
7241
3145
4425
329
6473
2377
5449
1353
7497
3401
4297
201
6345
2249
5321
1225
7369
3273
4553
457
6601
2505
5577
1481
7625
3529
4137
41
6185
2089
5161
1065
7209
3113
4393
297
6441
2345
5417
1321
7465
3369
4265
169
6313
2217
5289
1193
7337
3241
4521
425
6569
2473
5545
1449
7593
3497
4201
105
6249
2153
5225
1129
7273
3177
4457
361
6505
2409
5481
1385
7529
3433
4329
233
6377
2281
5353
1257
7401
3305
4585
489
6633
2537
5609
1513
7657
3561
4121
25
6169
2073
5145
1049
7193
3097
4377
281
6425
2329
5401
1305
7449
3353
4249
153
6297
2201
5273
1177
7321
3225
4505
409
6553
2457
5529
1433
7577
3481
4185
89
6233
2137
5209
1113
7257
3161
4441
345
6489
2393
5465
1369
7513
3417
4313
217
6361
2265
5337
1241
7385
3289
4569
473
6617
2521
5593
1497
7641
3545
4153
57
6201
2105
5177
1081
7225
3129
4409
313
6457
2361
5433
1337
7481
3385
4281
185
6329
2233
5305
1209
7353
3257
4537
441
6585
2489
5561
1465
7609
3513
4217
121
6265
2169
5241
1145
7289
3193
4473
377
6521
2425
5497
1401
7545
3449
4345
249
6393
2297
5369
1273
7417
3321
4601
505
6649
2553
5625
1529
7673
3577
4101
5
6149
2053
5125
1029
7173
3077
4357
261
6405
2309
5381
1285
7429
3333
4229
133
6277
2181
5253
1157
7301
3205
4485
389
6533
2437
5509
1413
7557
3461
4165
69
6213
2117
5189
1093
7237
3141
4421
325
6469
2373
5445
1349
7493
3397
4293
197
6341
2245
5317
1221
7365
3269
4549
453
6597
2501
5573
1477
7621
3525
4133
37
6181
2085
5157
1061
7205
3109
4389
293
6437
2341
5413
1317
7461
3365
4261
165
6309
2213
5285
1189
7333
3237
4517
421
6565
2469
5541
1445
7589
3493
4197
101
6245
2149
5221
1125
7269
3173
4453
357
6501
2405
5477
1381
7525
3429
4325
229
6373
2277
5349
1253
7397
3301
4581
485
6629
2533
5605
1509
7653
3557
4117
21
6165
2069
5141
1045
7189
3093
4373
277
6421
2325
5397
1301
7445
3349
4245
149
6293
2197
5269
1173
7317
3221
4501
405
6549
2453
5525
1429
7573
3477
4181
85
6229
2133
5205
1109
7253
3157
4437
341
6485
2389
5461
1365
7509
3413
4309
213
6357
2261
5333
1237
7381
3285
4565
469
6613
2517
5589
1493
7637
3541
4149
53
6197
2101
5173
1077
7221
3125
4405
309
6453
2357
5429
1333
7477
3381
4277
181
6325
2229
5301
1205
7349
3253
4533
437
6581
2485
5557
1461
7605
3509
4213
117
6261
2165
5237
1141
7285
3189
4469
373
6517
2421
5493
1397
7541
3445
4341
245
6389
2293
5365
1269
7413
3317
4597
501
6645
2549
5621
1525
7669
3573
4109
13
6157
2061
5133
1037
7181
3085
4365
269
6413
2317
5389
1293
7437
3341
4237
141
6285
2189
5261
1165
7309
3213
4493
397
6541
2445
5517
1421
7565
3469
4173
77
6221
2125
5197
1101
7245
3149
4429
333
6477
2381
5453
1357
7501
3405
4301
205
6349
2253
5325
1229
7373
3277
4557
461
6605
2509
5581
1485
7629
3533
4141
45
6189
2093
5165
1069
7213
3117
4397
301
6445
2349
5421
1325
7469
3373
4269
173
6317
2221
5293
1197
7341
3245
4525
429
6573
2477
5549
1453
7597
3501
4205
109
6253
2157
5229
1133
7277
3181
4461
365
6509
2413
5485
1389
7533
3437
4333
237
6381
2285
5357
1261
7405
3309
4589
493
6637
2541
5613
1517
7661
3565
4125
29
6173
2077
5149
1053
7197
3101
4381
285
6429
2333
5405
1309
7453
3357
4253
157
6301
2205
5277
1181
7325
3229
4509
413
6557
2461
5533
1437
7581
3485
4189
93
6237
2141
5213
1117
7261
3165
4445
349
6493
2397
5469
1373
7517
3421
4317
221
6365
2269
5341
1245
7389
3293
4573
477
6621
2525
5597
1501
7645
3549
4157
61
6205
2109
5181
1085
7229
3133
4413
317
6461
2365
5437
1341
7485
3389
4285
189
6333
2237
5309
1213
7357
3261
4541
445
6589
2493
5565
1469
7613
3517
4221
125
6269
2173
5245
1149
7293
3197
4477
381
6525
2429
5501
1405
7549
3453
4349
253
6397
2301
5373
1277
7421
3325
4605
509
6653
2557
5629
1533
7677
3581
4099
3
6147
2051
5123
1027
7171
3075
4355
259
6403
2307
5379
1283
7427
3331
4227
131
6275
2179
5251
1155
7299
3203
4483
387
6531
2435
5507
1411
7555
3459
4163
67
6211
2115
5187
1091
7235
3139
4419
323
6467
2371
5443
1347
7491
3395
4291
195
6339
2243
5315
1219
7363
3267
4547
451
6595
2499
5571
1475
7619
3523
4131
35
6179
2083
5155
1059
7203
3107
4387
291
6435
2339
5411
1315
7459
3363
4259
163
6307
2211
5283
1187
7331
3235
4515
419
6563
2467
5539
1443
7587
3491
4195
99
6243
2147
5219
1123
7267
3171
4451
355
6499
2403
5475
1379
7523
3427
4323
227
6371
2275
5347
1251
7395
3299
4579
483
6627
2531
5603
1507
7651
3555
4115
19
6163
2067
5139
1043
7187
3091
4371
275
6419
2323
5395
1299
7443
3347
4243
147
6291
2195
5267
1171
7315
3219
4499
403
6547
2451
5523
1427
7571
3475
4179
83
6227
2131
5203
1107
7251
3155
4435
339
6483
2387
5459
1363
7507
3411
4307
211
6355
2259
5331
1235
7379
3283
4563
467
6611
2515
5587
1491
7635
3539
4147
51
6195
2099
5171
1075
7219
3123
4403
307
6451
2355
5427
1331
7475
3379
4275
179
6323
2227
5299
1203
7347
3251
4531
435
6579
2483
5555
1459
7603
3507
4211
115
6259
2163
5235
1139
7283
3187
4467
371
6515
2419
5491
1395
7539
3443
4339
243
6387
2291
5363
1267
7411
3315
4595
499
6643
2547
5619
1523
7667
3571
4107
11
6155
2059
5131
1035
7179
3083
4363
267
6411
2315
5387
1291
7435
3339
4235
139
6283
2187
5259
1163
7307
3211
4491
395
6539
2443
5515
1419
7563
3467
4171
75
6219
2123
5195
1099
7243
3147
4427
331
6475
2379
5451
1355
7499
3403
4299
203
6347
2251
5323
1227
7371
3275
4555
459
6603
2507
5579
1483
7627
3531
4139
43
6187
2091
5163
1067
7211
3115
4395
299
6443
2347
5419
1323
7467
3371
4267
171
6315
2219
5291
1195
7339
3243
4523
427
6571
2475
5547
1451
7595
3499
4203
107
6251
2155
5227
1131
7275
3179
4459
363
6507
2411
5483
1387
7531
3435
4331
235
6379
2283
5355
1259
7403
3307
4587
491
6635
2539
5611
1515
7659
3563
4123
27
6171
2075
5147
1051
7195
3099
4379
283
6427
2331
5403
1307
7451
3355
4251
155
6299
2203
5275
1179
7323
3227
4507
411
6555
2459
5531
1435
7579
3483
4187
91
6235
2139
5211
1115
7259
3163
4443
347
6491
2395
5467
1371
7515
3419
4315
219
6363
2267
5339
1243
7387
3291
4571
475
6619
2523
5595
1499
7643
3547
4155
59
6203
2107
5179
1083
7227
3131
4411
315
6459
2363
5435
1339
7483
3387
4283
187
6331
2235
5307
1211
7355
3259
4539
443
6587
2491
5563
1467
7611
3515
4219
123
6267
2171
5243
1147
7291
3195
4475
379
6523
2427
5499
1403
7547
3451
4347
251
6395
2299
5371
1275
7419
3323
4603
507
6651
2555
5627
1531
7675
3579
4103
7
6151
2055
5127
1031
7175
3079
4359
263
6407
2311
5383
1287
7431
3335
4231
135
6279
2183
5255
1159
7303
3207
4487
391
6535
2439
5511
1415
7559
3463
4167
71
6215
2119
5191
1095
7239
3143
4423
327
6471
2375
5447
1351
7495
3399
4295
199
6343
2247
5319
1223
7367
3271
4551
455
6599
2503
5575
1479
7623
3527
4135
39
6183
2087
5159
1063
7207
3111
4391
295
6439
2343
5415
1319
7463
3367
4263
167
6311
2215
5287
1191
7335
3239
4519
423
6567
2471
5543
1447
7591
3495
4199
103
6247
2151
5223
1127
7271
3175
4455
359
6503
2407
5479
1383
7527
3431
4327
231
6375
2279
5351
1255
7399
3303
4583
487
6631
2535
5607
1511
7655
3559
4119
23
6167
2071
5143
1047
7191
3095
4375
279
6423
2327
5399
1303
7447
3351
4247
151
6295
2199
5271
1175
7319
3223
4503
407
6551
2455
5527
1431
7575
3479
4183
87
6231
2135
5207
1111
7255
3159
4439
343
6487
2391
5463
1367
7511
3415
4311
215
6359
2263
5335
1239
7383
3287
4567
471
6615
2519
5591
1495
7639
3543
4151
55
6199
2103
5175
1079
7223
3127
4407
311
6455
2359
5431
1335
7479
3383
4279
183
6327
2231
5303
1207
7351
3255
4535
439
6583
2487
5559
1463
7607
3511
4215
119
6263
2167
5239
1143
7287
3191
4471
375
6519
2423
5495
1399
7543
3447
4343
247
6391
2295
5367
1271
7415
3319
4599
503
6647
2551
5623
1527
7671
3575
4111
15
6159
2063
5135
1039
7183
3087
4367
271
6415
2319
5391
1295
7439
3343
4239
143
6287
2191
5263
1167
7311
3215
4495
399
6543
2447
5519
1423
7567
3471
4175
79
6223
2127
5199
1103
7247
3151
4431
335
6479
2383
5455
1359
7503
3407
4303
207
6351
2255
5327
1231
7375
3279
4559
463
6607
2511
5583
1487
7631
3535
4143
47
6191
2095
5167
1071
7215
3119
4399
303
6447
2351
5423
1327
7471
3375
4271
175
6319
2223
5295
1199
7343
3247
4527
431
6575
2479
5551
1455
7599
3503
4207
111
6255
2159
5231
1135
7279
3183
4463
367
6511
2415
5487
1391
7535
3439
4335
239
6383
2287
5359
1263
7407
3311
4591
495
6639
2543
5615
1519
7663
3567
4127
31
6175
2079
5151
1055
7199
3103
4383
287
6431
2335
5407
1311
7455
3359
4255
159
6303
2207
5279
1183
7327
3231
4511
415
6559
2463
5535
1439
7583
3487
4191
95
6239
2143
5215
1119
7263
3167
4447
351
6495
2399
5471
1375
7519
3423
4319
223
6367
2271
5343
1247
7391
3295
4575
479
6623
2527
5599
1503
7647
3551
4159
63
6207
2111
5183
1087
7231
3135
4415
319
6463
2367
5439
1343
7487
3391
4287
191
6335
2239
5311
1215
7359
3263
4543
447
6591
2495
5567
1471
7615
3519
4223
127
6271
2175
5247
1151
7295
3199
4479
383
6527
2431
5503
1407
7551
3455
4351
255
6399
2303
5375
1279
7423
3327
4607
511
6655
2559
5631
1535
7679
3583
