8192
0
12288
4096
10240
2048
14336
6144
8704
512
12800
4608
10752
2560
14848
6656
8448
256
12544
4352
10496
2304
14592
6400
8960
768
13056
4864
11008
2816
15104
6912
8320
128
12416
4224
10368
2176
14464
6272
8832
640
12928
4736
10880
2688
14976
6784
8576
384
12672
4480
10624
2432
14720
6528
9088
896
13184
4992
11136
2944
15232
7040
8256
64
12352
4160
10304
2112
14400
6208
8768
576
12864
4672
10816
2624
14912
6720
8512
320
12608
4416
10560
2368
14656
6464
9024
832
13120
4928
11072
2880
15168
6976
8384
192
12480
4288
10432
2240
14528
6336
8896
704
12992
4800
10944
2752
15040
6848
8640
448
12736
4544
10688
2496
14784
6592
9152
960
13248
5056
11200
3008
15296
7104
8224
32
12320
4128
10272
2080
14368
6176
8736
544
12832
4640
10784
2592
14880
6688
8480
288
12576
4384
10528
2336
14624
6432
8992
800
13088
4896
11040
2848
15136
6944
8352
160
12448
4256
10400
2208
14496
6304
8864
672
12960
4768
10912
2720
15008
6816
8608
416
12704
4512
10656
2464
14752
6560
9120
928
13216
5024
11168
2976
15264
7072
8288
96
12384
4192
10336
2144
14432
6240
8800
608
12896
4704
10848
2656
14944
6752
8544
352
12640
4448
10592
2400
14688
6496
9056
864
13152
4960
11104
2912
15200
7008
8416
224
12512
4320
10464
2272
14560
6368
8928
736
13024
4832
10976
2784
15072
6880
8672
480
12768
4576
10720
2528
14816
6624
9184
992
13280
5088
11232
3040
15328
7136
8208
16
12304
4112
10256
2064
14352
6160
8720
528
12816
4624
10768
2576
14864
6672
8464
272
12560
4368
10512
2320
14608
6416
8976
784
13072
4880
11024
2832
15120
6928
8336
144
12432
4240
10384
2192
14480
6288
8848
656
12944
4752
10896
2704
14992
6800
8592
400
12688
4496
10640
2448
14736
6544
9104
912
13200
5008
11152
2960
15248
7056
8272
80
12368
4176
10320
2128
14416
6224
8784
592
12880
4688
10832
2640
14928
6736
8528
336
12624
4432
10576
2384
14672
6480
9040
848
13136
4944
11088
2896
15184
6992
8400
208
12496
4304
10448
2256
14544
6352
8912
720
13008
4816
10960
2768
15056
6864
8656
464
12752
4560
10704
2512
14800
6608
9168
976
13264
5072
11216
3024
15312
7120
8240
48
12336
4144
10288
2096
14384
6192
8752
560
12848
4656
10800
2608
14896
6704
8496
304
12592
4400
10544
2352
14640
6448
9008
816
13104
4912
11056
2864
15152
6960
8368
176
12464
4272
10416
2224
14512
6320
8880
688
12976
4784
10928
2736
15024
6832
8624
432
12720
4528
10672
2480
14768
6576
9136
944
13232
5040
11184
2992
15280
7088
8304
112
12400
4208
10352
2160
14448
6256
8816
624
12912
4720
10864
2672
14960
6768
8560
368
12656
4464
10608
2416
14704
6512
9072
880
13168
4976
11120
2928
15216
7024
8432
240
12528
4336
10480
2288
14576
6384
8944
752
13040
4848
10992
2800
15088
6896
8688
496
12784
4592
10736
2544
14832
6640
9200
1008
13296
5104
11248
3056
15344
7152
8200
8
12296
4104
10248
2056
14344
6152
8712
520
12808
4616
10760
2568
14856
6664
8456
264
12552
4360
10504
2312
14600
6408
8968
776
13064
4872
11016
2824
15112
6920
8328
136
12424
4232
10376
2184
14472
6280
8840
648
12936
4744
10888
2696
14984
6792
8584
392
12680
4488
10632
2440
14728
6536
9096
904
13192
5000
11144
2952
15240
7048
8264
72
12360
4168
10312
2120
14408
6216
8776
584
12872
4680
10824
2632
14920
6728
8520
328
12616
4424
10568
2376
14664
6472
9032
840
13128
4936
11080
2888
15176
6984
8392
200
12488
4296
10440
2248
14536
6344
8904
712
13000
4808
10952
2760
15048
6856
8648
456
12744
4552
10696
2504
14792
6600
9160
968
13256
5064
11208
3016
15304
7112
8232
40
12328
4136
10280
2088
14376
6184
8744
552
12840
4648
10792
2600
14888
6696
8488
296
12584
4392
10536
2344
14632
6440
9000
808
13096
4904
11048
2856
15144
6952
8360
168
12456
4264
10408
2216
14504
6312
8872
680
12968
4776
10920
2728
15016
6824
8616
424
12712
4520
10664
2472
14760
6568
9128
936
13224
5032
11176
2984
15272
7080
8296
104
12392
4200
10344
2152
14440
6248
8808
616
12904
4712
10856
2664
14952
6760
8552
360
12648
4456
10600
2408
14696
6504
9064
872
13160
4968
11112
2920
15208
7016
8424
232
12520
4328
10472
2280
14568
6376
8936
744
13032
4840
10984
2792
15080
6888
8680
488
12776
4584
10728
2536
14824
6632
9192
1000
13288
5096
11240
3048
15336
7144
8216
24
12312
4120
10264
2072
14360
6168
8728
536
12824
4632
10776
2584
14872
6680
8472
280
12568
4376
10520
2328
14616
6424
8984
792
13080
4888
11032
2840
15128
6936
8344
152
12440
4248
10392
2200
14488
6296
8856
664
12952
4760
10904
2712
15000
6808
8600
408
12696
4504
10648
2456
14744
6552
9112
920
13208
5016
11160
2968
15256
7064
8280
88
12376
4184
10328
2136
14424
6232
8792
600
12888
4696
10840
2648
14936
6744
8536
344
12632
4440
10584
2392
14680
6488
9048
856
13144
4952
11096
2904
15192
7000
8408
216
12504
4312
10456
2264
14552
6360
8920
728
13016
4824
10968
2776
15064
6872
8664
472
12760
4568
10712
2520
14808
6616
9176
984
13272
5080
11224
3032
15320
7128
8248
56
12344
4152
10296
2104
14392
6200
8760
568
12856
4664
10808
2616
14904
6712
8504
312
12600
4408
10552
2360
14648
6456
9016
824
13112
4920
11064
2872
15160
6968
8376
184
12472
4280
10424
2232
14520
6328
8888
696
12984
4792
10936
2744
15032
6840
8632
440
12728
4536
10680
2488
14776
6584
9144
952
13240
5048
11192
3000
15288
7096
8312
120
12408
4216
10360
2168
14456
6264
8824
632
12920
4728
10872
2680
14968
6776
8568
376
12664
4472
10616
2424
14712
6520
9080
888
13176
4984
11128
2936
15224
7032
8440
248
12536
4344
10488
2296
14584
6392
8952
760
13048
4856
11000
2808
15096
6904
8696
504
12792
4600
10744
2552
14840
6648
9208
1016
13304
5112
11256
3064
15352
7160
8196
4
12292
4100
10244
2052
14340
6148
8708
516
12804
4612
10756
2564
14852
6660
8452
260
12548
4356
10500
2308
14596
6404
8964
772
13060
4868
11012
2820
15108
6916
8324
132
12420
4228
10372
2180
14468
6276
8836
644
12932
4740
10884
2692
14980
6788
8580
388
12676
4484
10628
2436
14724
6532
9092
900
13188
4996
11140
2948
15236
7044
8260
68
12356
4164
10308
2116
14404
6212
8772
580
12868
4676
10820
2628
14916
6724
8516
324
12612
4420
10564
2372
14660
6468
9028
836
13124
4932
11076
2884
15172
6980
8388
196
12484
4292
10436
2244
14532
6340
8900
708
12996
4804
10948
2756
15044
6852
8644
452
12740
4548
10692
2500
14788
6596
9156
964
13252
5060
11204
3012
15300
7108
8228
36
12324
4132
10276
2084
14372
6180
8740
548
12836
4644
10788
2596
14884
6692
8484
292
12580
4388
10532
2340
14628
6436
8996
804
13092
4900
11044
2852
15140
6948
8356
164
12452
4260
10404
2212
14500
6308
8868
676
12964
4772
10916
2724
15012
6820
8612
420
12708
4516
10660
2468
14756
6564
9124
932
13220
5028
11172
2980
15268
7076
8292
100
12388
4196
10340
2148
14436
6244
8804
612
12900
4708
10852
2660
14948
6756
8548
356
12644
4452
10596
2404
14692
6500
9060
868
13156
4964
11108
2916
15204
7012
8420
228
12516
4324
10468
2276
14564
6372
8932
740
13028
4836
10980
2788
15076
6884
8676
484
12772
4580
10724
2532
14820
6628
9188
996
13284
5092
11236
3044
15332
7140
8212
20
12308
4116
10260
2068
14356
6164
8724
532
12820
4628
10772
2580
14868
6676
8468
276
12564
4372
10516
2324
14612
6420
8980
788
13076
4884
11028
2836
15124
6932
8340
148
12436
4244
10388
2196
14484
6292
8852
660
12948
4756
10900
2708
14996
6804
8596
404
12692
4500
10644
2452
14740
6548
9108
916
13204
5012
11156
2964
15252
7060
8276
84
12372
4180
10324
2132
14420
6228
8788
596
12884
4692
10836
2644
14932
6740
8532
340
12628
4436
10580
2388
14676
6484
9044
852
13140
4948
11092
2900
15188
6996
8404
212
12500
4308
10452
2260
14548
6356
8916
724
13012
4820
10964
2772
15060
6868
8660
468
12756
4564
10708
2516
14804
6612
9172
980
13268
5076
11220
3028
15316
7124
8244
52
12340
4148
10292
2100
14388
6196
8756
564
12852
4660
10804
2612
14900
6708
8500
308
12596
4404
10548
2356
14644
6452
9012
820
13108
4916
11060
2868
15156
6964
8372
180
12468
4276
10420
2228
14516
6324
8884
692
12980
4788
10932
2740
15028
6836
8628
436
12724
4532
10676
2484
14772
6580
9140
948
13236
5044
11188
2996
15284
7092
8308
116
12404
4212
10356
2164
14452
6260
8820
628
12916
4724
10868
2676
14964
6772
8564
372
12660
4468
10612
2420
14708
6516
9076
884
13172
4980
11124
2932
15220
7028
8436
244
12532
4340
10484
2292
14580
6388
8948
756
13044
4852
10996
2804
15092
6900
8692
500
12788
4596
10740
2548
14836
6644
9204
1012
13300
5108
11252
3060
15348
7156
8204
12
12300
4108
10252
2060
14348
6156
8716
524
12812
4620
10764
2572
14860
6668
8460
268
12556
4364
10508
2316
14604
6412
8972
780
13068
4876
11020
2828
15116
6924
8332
140
12428
4236
10380
2188
14476
6284
8844
652
12940
4748
10892
2700
14988
6796
8588
396
12684
4492
10636
2444
14732
6540
9100
908
13196
5004
11148
2956
15244
7052
8268
76
12364
4172
10316
2124
14412
6220
8780
588
12876
4684
10828
2636
14924
6732
8524
332
12620
4428
10572
2380
14668
6476
9036
844
13132
4940
11084
2892
15180
6988
8396
204
12492
4300
10444
2252
14540
6348
8908
716
13004
4812
10956
2764
15052
6860
8652
460
12748
4556
10700
2508
14796
6604
9164
972
13260
5068
11212
3020
15308
7116
8236
44
12332
4140
10284
2092
14380
6188
8748
556
12844
4652
10796
2604
14892
6700
8492
300
12588
4396
10540
2348
14636
6444
9004
812
13100
4908
11052
2860
15148
6956
8364
172
12460
4268
10412
2220
14508
6316
8876
684
12972
4780
10924
2732
15020
6828
8620
428
12716
4524
10668
2476
14764
6572
9132
940
13228
5036
11180
2988
15276
7084
8300
108
12396
4204
10348
2156
14444
6252
8812
620
12908
4716
10860
2668
14956
6764
8556
364
12652
4460
10604
2412
14700
6508
9068
876
13164
4972
11116
2924
15212
7020
8428
236
12524
4332
10476
2284
14572
6380
8940
748
13036
4844
10988
2796
15084
6892
8684
492
12780
4588
10732
2540
14828
6636
9196
1004
13292
5100
11244
3052
15340
7148
8220
28
12316
4124
10268
2076
14364
6172
8732
540
12828
4636
10780
2588
14876
6684
8476
284
12572
4380
10524
2332
14620
6428
8988
796
13084
4892
11036
2844
15132
6940
8348
156
12444
4252
10396
2204
14492
6300
8860
668
12956
4764
10908
2716
15004
6812
8604
412
12700
4508
10652
2460
14748
6556
9116
924
13212
5020
11164
2972
15260
7068
8284
92
12380
4188
10332
2140
14428
6236
8796
604
12892
4700
10844
2652
14940
6748
8540
348
12636
4444
10588
2396
14684
6492
9052
860
13148
4956
11100
2908
15196
7004
8412
220
12508
4316
10460
2268
14556
6364
8924
732
13020
4828
10972
2780
15068
6876
8668
476
12764
4572
10716
2524
14812
6620
9180
988
13276
5084
11228
3036
15324
7132
8252
60
12348
4156
10300
2108
14396
6204
8764
572
12860
4668
10812
2620
14908
6716
8508
316
12604
4412
10556
2364
14652
6460
9020
828
13116
4924
11068
2876
15164
6972
8380
188
12476
4284
10428
2236
14524
6332
8892
700
12988
4796
10940
2748
15036
6844
8636
444
12732
4540
10684
2492
14780
6588
9148
956
13244
5052
11196
3004
15292
7100
8316
124
12412
4220
10364
2172
14460
6268
8828
636
12924
4732
10876
2684
14972
6780
8572
380
12668
4476
10620
2428
14716
6524
9084
892
13180
4988
11132
2940
15228
7036
8444
252
12540
4348
10492
2300
14588
6396
8956
764
13052
4860
11004
2812
15100
6908
8700
508
12796
4604
10748
2556
14844
6652
9212
1020
13308
5116
11260
3068
15356
7164
8194
2
12290
4098
10242
2050
14338
6146
8706
514
12802
4610
10754
2562
14850
6658
8450
258
12546
4354
10498
2306
14594
6402
8962
770
13058
4866
11010
2818
15106
6914
8322
130
12418
4226
10370
2178
14466
6274
8834
642
12930
4738
10882
2690
14978
6786
8578
386
12674
4482
10626
2434
14722
6530
9090
898
13186
4994
11138
2946
15234
7042
8258
66
12354
4162
10306
2114
14402
6210
8770
578
12866
4674
10818
2626
14914
6722
8514
322
12610
4418
10562
2370
14658
6466
9026
834
13122
4930
11074
2882
15170
6978
8386
194
12482
4290
10434
2242
14530
6338
8898
706
12994
4802
10946
2754
15042
6850
8642
450
12738
4546
10690
2498
14786
6594
9154
962
13250
5058
11202
3010
15298
7106
8226
34
12322
4130
10274
2082
14370
6178
8738
546
12834
4642
10786
2594
14882
6690
8482
290
12578
4386
10530
2338
14626
6434
8994
802
13090
4898
11042
2850
15138
6946
8354
162
12450
4258
10402
2210
14498
6306
8866
674
12962
4770
10914
2722
15010
6818
8610
418
12706
4514
10658
2466
14754
6562
9122
930
13218
5026
11170
2978
15266
7074
8290
98
12386
4194
10338
2146
14434
6242
8802
610
12898
4706
10850
2658
14946
6754
8546
354
12642
4450
10594
2402
14690
6498
9058
866
13154
4962
11106
2914
15202
7010
8418
226
12514
4322
10466
2274
14562
6370
8930
738
13026
4834
10978
2786
15074
6882
8674
482
12770
4578
10722
2530
14818
6626
9186
994
13282
5090
11234
3042
15330
7138
8210
18
12306
4114
10258
2066
14354
6162
8722
530
12818
4626
10770
2578
14866
6674
8466
274
12562
4370
10514
2322
14610
6418
8978
786
13074
4882
11026
2834
15122
6930
8338
146
12434
4242
10386
2194
14482
6290
8850
658
12946
4754
10898
2706
14994
6802
8594
402
12690
4498
10642
2450
14738
6546
9106
914
13202
5010
11154
2962
15250
7058
8274
82
12370
4178
10322
2130
14418
6226
8786
594
12882
4690
10834
2642
14930
6738
8530
338
12626
4434
10578
2386
14674
6482
9042
850
13138
4946
11090
2898
15186
6994
8402
210
12498
4306
10450
2258
14546
6354
8914
722
13010
4818
10962
2770
15058
6866
8658
466
12754
4562
10706
2514
14802
6610
9170
978
13266
5074
11218
3026
15314
7122
8242
50
12338
4146
10290
2098
14386
6194
8754
562
12850
4658
10802
2610
14898
6706
8498
306
12594
4402
10546
2354
14642
6450
9010
818
13106
4914
11058
2866
15154
6962
8370
178
12466
4274
10418
2226
14514
6322
8882
690
12978
4786
10930
2738
15026
6834
8626
434
12722
4530
10674
2482
14770
6578
9138
946
13234
5042
11186
2994
15282
7090
8306
114
12402
4210
10354
2162
14450
6258
8818
626
12914
4722
10866
2674
14962
6770
8562
370
12658
4466
10610
2418
14706
6514
9074
882
13170
4978
11122
2930
15218
7026
8434
242
12530
4338
10482
2290
14578
6386
8946
754
13042
4850
10994
2802
15090
6898
8690
498
12786
4594
10738
2546
14834
6642
9202
1010
13298
5106
11250
3058
15346
7154
8202
10
12298
4106
10250
2058
14346
6154
8714
522
12810
4618
10762
2570
14858
6666
8458
266
12554
4362
10506
2314
14602
6410
8970
778
13066
4874
11018
2826
15114
6922
8330
138
12426
4234
10378
2186
14474
6282
8842
650
12938
4746
10890
2698
14986
6794
8586
394
12682
4490
10634
2442
14730
6538
9098
906
13194
5002
11146
2954
15242
7050
8266
74
12362
4170
10314
2122
14410
6218
8778
586
12874
4682
10826
2634
14922
6730
8522
330
12618
4426
10570
2378
14666
6474
9034
842
13130
4938
11082
2890
15178
6986
8394
202
12490
4298
10442
2250
14538
6346
8906
714
13002
4810
10954
2762
15050
6858
8650
458
12746
4554
10698
2506
14794
6602
9162
970
13258
5066
11210
3018
15306
7114
8234
42
12330
4138
10282
2090
14378
6186
8746
554
12842
4650
10794
2602
14890
6698
8490
298
12586
4394
10538
2346
14634
6442
9002
810
13098
4906
11050
2858
15146
6954
8362
170
12458
4266
10410
2218
14506
6314
8874
682
12970
4778
10922
2730
15018
6826
8618
426
12714
4522
10666
2474
14762
6570
9130
938
13226
5034
11178
2986
15274
7082
8298
106
12394
4202
10346
2154
14442
6250
8810
618
12906
4714
10858
2666
14954
6762
8554
362
12650
4458
10602
2410
14698
6506
9066
874
13162
4970
11114
2922
15210
7018
8426
234
12522
4330
10474
2282
14570
6378
8938
746
13034
4842
10986
2794
15082
6890
8682
490
12778
4586
10730
2538
14826
6634
9194
1002
13290
5098
11242
3050
15338
7146
8218
26
12314
4122
10266
2074
14362
6170
8730
538
12826
4634
10778
2586
14874
6682
8474
282
12570
4378
10522
2330
14618
6426
8986
794
13082
4890
11034
2842
15130
6938
8346
154
12442
4250
10394
2202
14490
6298
8858
666
12954
4762
10906
2714
15002
6810
8602
410
12698
4506
10650
2458
14746
6554
9114
922
13210
5018
11162
2970
15258
7066
8282
90
12378
4186
10330
2138
14426
6234
8794
602
12890
4698
10842
2650
14938
6746
8538
346
12634
4442
10586
2394
14682
6490
9050
858
13146
4954
11098
2906
15194
7002
8410
218
12506
4314
10458
2266
14554
6362
8922
730
13018
4826
10970
2778
15066
6874
8666
474
12762
4570
10714
2522
14810
6618
9178
986
13274
5082
11226
3034
15322
7130
8250
58
12346
4154
10298
2106
14394
6202
8762
570
12858
4666
10810
2618
14906
6714
8506
314
12602
4410
10554
2362
14650
6458
9018
826
13114
4922
11066
2874
15162
6970
8378
186
12474
4282
10426
2234
14522
6330
8890
698
12986
4794
10938
2746
15034
6842
8634
442
12730
4538
10682
2490
14778
6586
9146
954
13242
5050
11194
3002
15290
7098
8314
122
12410
4218
10362
2170
14458
6266
8826
634
12922
4730
10874
2682
14970
6778
8570
378
12666
4474
10618
2426
14714
6522
9082
890
13178
4986
11130
2938
15226
7034
8442
250
12538
4346
10490
2298
14586
6394
8954
762
13050
4858
11002
2810
15098
6906
8698
506
12794
4602
10746
2554
14842
6650
9210
1018
13306
5114
11258
3066
15354
7162
8198
6
12294
4102
10246
2054
14342
6150
8710
518
12806
4614
10758
2566
14854
6662
8454
262
12550
4358
10502
2310
14598
6406
8966
774
13062
4870
11014
2822
15110
6918
8326
134
12422
4230
10374
2182
14470
6278
8838
646
12934
4742
10886
2694
14982
6790
8582
390
12678
4486
10630
2438
14726
6534
9094
902
13190
4998
11142
2950
15238
7046
8262
70
12358
4166
10310
2118
14406
6214
8774
582
12870
4678
10822
2630
14918
6726
8518
326
12614
4422
10566
2374
14662
6470
9030
838
13126
4934
11078
2886
15174
6982
8390
198
12486
4294
10438
2246
14534
6342
8902
710
12998
4806
10950
2758
15046
6854
8646
454
12742
4550
10694
2502
14790
6598
9158
966
13254
5062
11206
3014
15302
7110
8230
38
12326
4134
10278
2086
14374
6182
8742
550
12838
4646
10790
2598
14886
6694
8486
294
12582
4390
10534
2342
14630
6438
8998
806
13094
4902
11046
2854
15142
6950
8358
166
12454
4262
10406
2214
14502
6310
8870
678
12966
4774
10918
2726
15014
6822
8614
422
12710
4518
10662
2470
14758
6566
9126
934
13222
5030
11174
2982
15270
7078
8294
102
12390
4198
10342
2150
14438
6246
8806
614
12902
4710
10854
2662
14950
6758
8550
358
12646
4454
10598
2406
14694
6502
9062
870
13158
4966
11110
2918
15206
7014
8422
230
12518
4326
10470
2278
14566
6374
8934
742
13030
4838
10982
2790
15078
6886
8678
486
12774
4582
10726
2534
14822
6630
9190
998
13286
5094
11238
3046
15334
7142
8214
22
12310
4118
10262
2070
14358
6166
8726
534
12822
4630
10774
2582
14870
6678
8470
278
12566
4374
10518
2326
14614
6422
8982
790
13078
4886
11030
2838
15126
6934
8342
150
12438
4246
10390
2198
14486
6294
8854
662
12950
4758
10902
2710
14998
6806
8598
406
12694
4502
10646
2454
14742
6550
9110
918
13206
5014
11158
2966
15254
7062
8278
86
12374
4182
10326
2134
14422
6230
8790
598
12886
4694
10838
2646
14934
6742
8534
342
12630
4438
10582
2390
14678
6486
9046
854
13142
4950
11094
2902
15190
6998
8406
214
12502
4310
10454
2262
14550
6358
8918
726
13014
4822
10966
2774
15062
6870
8662
470
12758
4566
10710
2518
14806
6614
9174
982
13270
5078
11222
3030
15318
7126
8246
54
12342
4150
10294
2102
14390
6198
8758
566
12854
4662
10806
2614
14902
6710
8502
310
12598
4406
10550
2358
14646
6454
9014
822
13110
4918
11062
2870
15158
6966
8374
182
12470
4278
10422
2230
14518
6326
8886
694
12982
4790
10934
2742
15030
6838
8630
438
12726
4534
10678
2486
14774
6582
9142
950
13238
5046
11190
2998
15286
7094
8310
118
12406
4214
10358
2166
14454
6262
8822
630
12918
4726
10870
2678
14966
6774
8566
374
12662
4470
10614
2422
14710
6518
9078
886
13174
4982
11126
2934
15222
7030
8438
246
12534
4342
10486
2294
14582
6390
8950
758
13046
4854
10998
2806
15094
6902
8694
502
12790
4598
10742
2550
14838
6646
9206
1014
13302
5110
11254
3062
15350
7158
8206
14
12302
4110
10254
2062
14350
6158
8718
526
12814
4622
10766
2574
14862
6670
8462
270
12558
4366
10510
2318
14606
6414
8974
782
13070
4878
11022
2830
15118
6926
8334
142
12430
4238
10382
2190
14478
6286
8846
654
12942
4750
10894
2702
14990
6798
8590
398
12686
4494
10638
2446
14734
6542
9102
910
13198
5006
11150
2958
15246
7054
8270
78
12366
4174
10318
2126
14414
6222
8782
590
12878
4686
10830
2638
14926
6734
8526
334
12622
4430
10574
2382
14670
6478
9038
846
13134
4942
11086
2894
15182
6990
8398
206
12494
4302
10446
2254
14542
6350
8910
718
13006
4814
10958
2766
15054
6862
8654
462
12750
4558
10702
2510
14798
6606
9166
974
13262
5070
11214
3022
15310
7118
8238
46
12334
4142
10286
2094
14382
6190
8750
558
12846
4654
10798
2606
14894
6702
8494
302
12590
4398
10542
2350
14638
6446
9006
814
13102
4910
11054
2862
15150
6958
8366
174
12462
4270
10414
2222
14510
6318
8878
686
12974
4782
10926
2734
15022
6830
8622
430
12718
4526
10670
2478
14766
6574
9134
942
13230
5038
11182
2990
15278
7086
8302
110
12398
4206
10350
2158
14446
6254
8814
622
12910
4718
10862
2670
14958
6766
8558
366
12654
4462
10606
2414
14702
6510
9070
878
13166
4974
11118
2926
15214
7022
8430
238
12526
4334
10478
2286
14574
6382
8942
750
13038
4846
10990
2798
15086
6894
8686
494
12782
4590
10734
2542
14830
6638
9198
1006
13294
5102
11246
3054
15342
7150
8222
30
12318
4126
10270
2078
14366
6174
8734
542
12830
4638
10782
2590
14878
6686
8478
286
12574
4382
10526
2334
14622
6430
8990
798
13086
4894
11038
2846
15134
6942
8350
158
12446
4254
10398
2206
14494
6302
8862
670
12958
4766
10910
2718
15006
6814
8606
414
12702
4510
10654
2462
14750
6558
9118
926
13214
5022
11166
2974
15262
7070
8286
94
12382
4190
10334
2142
14430
6238
8798
606
12894
4702
10846
2654
14942
6750
8542
350
12638
4446
10590
2398
14686
6494
9054
862
13150
4958
11102
2910
15198
7006
8414
222
12510
4318
10462
2270
14558
6366
8926
734
13022
4830
10974
2782
15070
6878
8670
478
12766
4574
10718
2526
14814
6622
9182
990
13278
5086
11230
3038
15326
7134
8254
62
12350
4158
10302
2110
14398
6206
8766
574
12862
4670
10814
2622
14910
6718
8510
318
12606
4414
10558
2366
14654
6462
9022
830
13118
4926
11070
2878
15166
6974
8382
190
12478
4286
10430
2238
14526
6334
8894
702
12990
4798
10942
2750
15038
6846
8638
446
12734
4542
10686
2494
14782
6590
9150
958
13246
5054
11198
3006
15294
7102
8318
126
12414
4222
10366
2174
14462
6270
8830
638
12926
4734
10878
2686
14974
6782
8574
382
12670
4478
10622
2430
14718
6526
9086
894
13182
4990
11134
2942
15230
7038
8446
254
12542
4350
10494
2302
14590
6398
8958
766
13054
4862
11006
2814
15102
6910
8702
510
12798
4606
10750
2558
14846
6654
9214
1022
13310
5118
11262
3070
15358
7166
8193
1
12289
4097
10241
2049
14337
6145
8705
513
12801
4609
10753
2561
14849
6657
8449
257
12545
4353
10497
2305
14593
6401
8961
769
13057
4865
11009
2817
15105
6913
8321
129
12417
4225
10369
2177
14465
6273
8833
641
12929
4737
10881
2689
14977
6785
8577
385
12673
4481
10625
2433
14721
6529
9089
897
13185
4993
11137
2945
15233
7041
8257
65
12353
4161
10305
2113
14401
6209
8769
577
12865
4673
10817
2625
14913
6721
8513
321
12609
4417
10561
2369
14657
6465
9025
833
13121
4929
11073
2881
15169
6977
8385
193
12481
4289
10433
2241
14529
6337
8897
705
12993
4801
10945
2753
15041
6849
8641
449
12737
4545
10689
2497
14785
6593
9153
961
13249
5057
11201
3009
15297
7105
8225
33
12321
4129
10273
2081
14369
6177
8737
545
12833
4641
10785
2593
14881
6689
8481
289
12577
4385
10529
2337
14625
6433
8993
801
13089
4897
11041
2849
15137
6945
8353
161
12449
4257
10401
2209
14497
6305
8865
673
12961
4769
10913
2721
15009
6817
8609
417
12705
4513
10657
2465
14753
6561
9121
929
13217
5025
11169
2977
15265
7073
8289
97
12385
4193
10337
2145
14433
6241
8801
609
12897
4705
10849
2657
14945
6753
8545
353
12641
4449
10593
2401
14689
6497
9057
865
13153
4961
11105
2913
15201
7009
8417
225
12513
4321
10465
2273
14561
6369
8929
737
13025
4833
10977
2785
15073
6881
8673
481
12769
4577
10721
2529
14817
6625
9185
993
13281
5089
11233
3041
15329
7137
8209
17
12305
4113
10257
2065
14353
6161
8721
529
12817
4625
10769
2577
14865
6673
8465
273
12561
4369
10513
2321
14609
6417
8977
785
13073
4881
11025
2833
15121
6929
8337
145
12433
4241
10385
2193
14481
6289
8849
657
12945
4753
10897
2705
14993
6801
8593
401
12689
4497
10641
2449
14737
6545
9105
913
13201
5009
11153
2961
15249
7057
8273
81
12369
4177
10321
2129
14417
6225
8785
593
12881
4689
10833
2641
14929
6737
8529
337
12625
4433
10577
2385
14673
6481
9041
849
13137
4945
11089
2897
15185
6993
8401
209
12497
4305
10449
2257
14545
6353
8913
721
13009
4817
10961
2769
15057
6865
8657
465
12753
4561
10705
2513
14801
6609
9169
977
13265
5073
11217
3025
15313
7121
8241
49
12337
4145
10289
2097
14385
6193
8753
561
12849
4657
10801
2609
14897
6705
8497
305
12593
4401
10545
2353
14641
6449
9009
817
13105
4913
11057
2865
15153
6961
8369
177
12465
4273
10417
2225
14513
6321
8881
689
12977
4785
10929
2737
15025
6833
8625
433
12721
4529
10673
2481
14769
6577
9137
945
13233
5041
11185
2993
15281
7089
8305
113
12401
4209
10353
2161
14449
6257
8817
625
12913
4721
10865
2673
14961
6769
8561
369
12657
4465
10609
2417
14705
6513
9073
881
13169
4977
11121
2929
15217
7025
8433
241
12529
4337
10481
2289
14577
6385
8945
753
13041
4849
10993
2801
15089
6897
8689
497
12785
4593
10737
2545
14833
6641
9201
1009
13297
5105
11249
3057
15345
7153
8201
9
12297
4105
10249
2057
14345
6153
8713
521
12809
4617
10761
2569
14857
6665
8457
265
12553
4361
10505
2313
14601
6409
8969
777
13065
4873
11017
2825
15113
6921
8329
137
12425
4233
10377
2185
14473
6281
8841
649
12937
4745
10889
2697
14985
6793
8585
393
12681
4489
10633
2441
14729
6537
9097
905
13193
5001
11145
2953
15241
7049
8265
73
12361
4169
10313
2121
14409
6217
8777
585
12873
4681
10825
2633
14921
6729
8521
329
12617
4425
10569
2377
14665
6473
9033
841
13129
4937
11081
2889
15177
6985
8393
201
12489
4297
10441
2249
14537
6345
8905
713
13001
4809
10953
2761
15049
6857
8649
457
12745
4553
10697
2505
14793
6601
9161
969
13257
5065
11209
3017
15305
7113
8233
41
12329
4137
10281
2089
14377
6185
8745
553
12841
4649
10793
2601
14889
6697
8489
297
12585
4393
10537
2345
14633
6441
9001
809
13097
4905
11049
2857
15145
6953
8361
169
12457
4265
10409
2217
14505
6313
8873
681
12969
4777
10921
2729
15017
6825
8617
425
12713
4521
10665
2473
14761
6569
9129
937
13225
5033
11177
2985
15273
7081
8297
105
12393
4201
10345
2153
14441
6249
8809
617
12905
4713
10857
2665
14953
6761
8553
361
12649
4457
10601
2409
14697
6505
9065
873
13161
4969
11113
2921
15209
7017
8425
233
12521
4329
10473
2281
14569
6377
8937
745
13033
4841
10985
2793
15081
6889
8681
489
12777
4585
10729
2537
14825
6633
9193
1001
13289
5097
11241
3049
15337
7145
8217
25
12313
4121
10265
2073
14361
6169
8729
537
12825
4633
10777
2585
14873
6681
8473
281
12569
4377
10521
2329
14617
6425
8985
793
13081
4889
11033
2841
15129
6937
8345
153
12441
4249
10393
2201
14489
6297
8857
665
12953
4761
10905
2713
15001
6809
8601
409
12697
4505
10649
2457
14745
6553
9113
921
13209
5017
11161
2969
15257
7065
8281
89
12377
4185
10329
2137
14425
6233
8793
601
12889
4697
10841
2649
14937
6745
8537
345
12633
4441
10585
2393
14681
6489
9049
857
13145
4953
11097
2905
15193
7001
8409
217
12505
4313
10457
2265
14553
6361
8921
729
13017
4825
10969
2777
15065
6873
8665
473
12761
4569
10713
2521
14809
6617
9177
985
13273
5081
11225
3033
15321
7129
8249
57
12345
4153
10297
2105
14393
6201
8761
569
12857
4665
10809
2617
14905
6713
8505
313
12601
4409
10553
2361
14649
6457
9017
825
13113
4921
11065
2873
15161
6969
8377
185
12473
4281
10425
2233
14521
6329
8889
697
12985
4793
10937
2745
15033
6841
8633
441
12729
4537
10681
2489
14777
6585
9145
953
13241
5049
11193
3001
15289
7097
8313
121
12409
4217
10361
2169
14457
6265
8825
633
12921
4729
10873
2681
14969
6777
8569
377
12665
4473
10617
2425
14713
6521
9081
889
13177
4985
11129
2937
15225
7033
8441
249
12537
4345
10489
2297
14585
6393
8953
761
13049
4857
11001
2809
15097
6905
8697
505
12793
4601
10745
2553
14841
6649
9209
1017
13305
5113
11257
3065
15353
7161
8197
5
12293
4101
10245
2053
14341
6149
8709
517
12805
4613
10757
2565
14853
6661
8453
261
12549
4357
10501
2309
14597
6405
8965
773
13061
4869
11013
2821
15109
6917
8325
133
12421
4229
10373
2181
14469
6277
8837
645
12933
4741
10885
2693
14981
6789
8581
389
12677
4485
10629
2437
14725
6533
9093
901
13189
4997
11141
2949
15237
7045
8261
69
12357
4165
10309
2117
14405
6213
8773
581
12869
4677
10821
2629
14917
6725
8517
325
12613
4421
10565
2373
14661
6469
9029
837
13125
4933
11077
2885
15173
6981
8389
197
12485
4293
10437
2245
14533
6341
8901
709
12997
4805
10949
2757
15045
6853
8645
453
12741
4549
10693
2501
14789
6597
9157
965
13253
5061
11205
3013
15301
7109
8229
37
12325
4133
10277
2085
14373
6181
8741
549
12837
4645
10789
2597
14885
6693
8485
293
12581
4389
10533
2341
14629
6437
8997
805
13093
4901
11045
2853
15141
6949
8357
165
12453
4261
10405
2213
14501
6309
8869
677
12965
4773
10917
2725
15013
6821
8613
421
12709
4517
10661
2469
14757
6565
9125
933
13221
5029
11173
2981
15269
7077
8293
101
12389
4197
10341
2149
14437
6245
8805
613
12901
4709
10853
2661
14949
6757
8549
357
12645
4453
10597
2405
14693
6501
9061
869
13157
4965
11109
2917
15205
7013
8421
229
12517
4325
10469
2277
14565
6373
8933
741
13029
4837
10981
2789
15077
6885
8677
485
12773
4581
10725
2533
14821
6629
9189
997
13285
5093
11237
3045
15333
7141
8213
21
12309
4117
10261
2069
14357
6165
8725
533
12821
4629
10773
2581
14869
6677
8469
277
12565
4373
10517
2325
14613
6421
8981
789
13077
4885
11029
2837
15125
6933
8341
149
12437
4245
10389
2197
14485
6293
8853
661
12949
4757
10901
2709
14997
6805
8597
405
12693
4501
10645
2453
14741
6549
9109
917
13205
5013
11157
2965
15253
7061
8277
85
12373
4181
10325
2133
14421
6229
8789
597
12885
4693
10837
2645
14933
6741
8533
341
12629
4437
10581
2389
14677
6485
9045
853
13141
4949
11093
2901
15189
6997
8405
213
12501
4309
10453
2261
14549
6357
8917
725
13013
4821
10965
2773
15061
6869
8661
469
12757
4565
10709
2517
14805
6613
9173
981
13269
5077
11221
3029
15317
7125
8245
53
12341
4149
10293
2101
14389
6197
8757
565
12853
4661
10805
2613
14901
6709
8501
309
12597
4405
10549
2357
14645
6453
9013
821
13109
4917
11061
2869
15157
6965
8373
181
12469
4277
10421
2229
14517
6325
8885
693
12981
4789
10933
2741
15029
6837
8629
437
12725
4533
10677
2485
14773
6581
9141
949
13237
5045
11189
2997
15285
7093
8309
117
12405
4213
10357
2165
14453
6261
8821
629
12917
4725
10869
2677
14965
6773
8565
373
12661
4469
10613
2421
14709
6517
9077
885
13173
4981
11125
2933
15221
7029
8437
245
12533
4341
10485
2293
14581
6389
8949
757
13045
4853
10997
2805
15093
6901
8693
501
12789
4597
10741
2549
14837
6645
9205
1013
13301
5109
11253
3061
15349
7157
8205
13
12301
4109
10253
2061
14349
6157
8717
525
12813
4621
10765
2573
14861
6669
8461
269
12557
4365
10509
2317
14605
6413
8973
781
13069
4877
11021
2829
15117
6925
8333
141
12429
4237
10381
2189
14477
6285
8845
653
12941
4749
10893
2701
14989
6797
8589
397
12685
4493
10637
2445
14733
6541
9101
909
13197
5005
11149
2957
15245
7053
8269
77
12365
4173
10317
2125
14413
6221
8781
589
12877
4685
10829
2637
14925
6733
8525
333
12621
4429
10573
2381
14669
6477
9037
845
13133
4941
11085
2893
15181
6989
8397
205
12493
4301
10445
2253
14541
6349
8909
717
13005
4813
10957
2765
15053
6861
8653
461
12749
4557
10701
2509
14797
6605
9165
973
13261
5069
11213
3021
15309
7117
8237
45
12333
4141
10285
2093
14381
6189
8749
557
12845
4653
10797
2605
14893
6701
8493
301
12589
4397
10541
2349
14637
6445
9005
813
13101
4909
11053
2861
15149
6957
8365
173
12461
4269
10413
2221
14509
6317
8877
685
12973
4781
10925
2733
15021
6829
8621
429
12717
4525
10669
2477
14765
6573
9133
941
13229
5037
11181
2989
15277
7085
8301
109
12397
4205
10349
2157
14445
6253
8813
621
12909
4717
10861
2669
14957
6765
8557
365
12653
4461
10605
2413
14701
6509
9069
877
13165
4973
11117
2925
15213
7021
8429
237
12525
4333
10477
2285
14573
6381
8941
749
13037
4845
10989
2797
15085
6893
8685
493
12781
4589
10733
2541
14829
6637
9197
1005
13293
5101
11245
3053
15341
7149
8221
29
12317
4125
10269
2077
14365
6173
8733
541
12829
4637
10781
2589
14877
6685
8477
285
12573
4381
10525
2333
14621
6429
8989
797
13085
4893
11037
2845
15133
6941
8349
157
12445
4253
10397
2205
14493
6301
8861
669
12957
4765
10909
2717
15005
6813
8605
413
12701
4509
10653
2461
14749
6557
9117
925
13213
5021
11165
2973
15261
7069
8285
93
12381
4189
10333
2141
14429
6237
8797
605
12893
4701
10845
2653
14941
6749
8541
349
12637
4445
10589
2397
14685
6493
9053
861
13149
4957
11101
2909
15197
7005
8413
221
12509
4317
10461
2269
14557
6365
8925
733
13021
4829
10973
2781
15069
6877
8669
477
12765
4573
10717
2525
14813
6621
9181
989
13277
5085
11229
3037
15325
7133
8253
61
12349
4157
10301
2109
14397
6205
8765
573
12861
4669
10813
2621
14909
6717
8509
317
12605
4413
10557
2365
14653
6461
9021
829
13117
4925
11069
2877
15165
6973
8381
189
12477
4285
10429
2237
14525
6333
8893
701
12989
4797
10941
2749
15037
6845
8637
445
12733
4541
10685
2493
14781
6589
9149
957
13245
5053
11197
3005
15293
7101
8317
125
12413
4221
10365
2173
14461
6269
8829
637
12925
4733
10877
2685
14973
6781
8573
381
12669
4477
10621
2429
14717
6525
9085
893
13181
4989
11133
2941
15229
7037
8445
253
12541
4349
10493
2301
14589
6397
8957
765
13053
4861
11005
2813
15101
6909
8701
509
12797
4605
10749
2557
14845
6653
9213
1021
13309
5117
11261
3069
15357
7165
8195
3
12291
4099
10243
2051
14339
6147
8707
515
12803
4611
10755
2563
14851
6659
8451
259
12547
4355
10499
2307
14595
6403
8963
771
13059
4867
11011
2819
15107
6915
8323
131
12419
4227
10371
2179
14467
6275
8835
643
12931
4739
10883
2691
14979
6787
8579
387
12675
4483
10627
2435
14723
6531
9091
899
13187
4995
11139
2947
15235
7043
8259
67
12355
4163
10307
2115
14403
6211
8771
579
12867
4675
10819
2627
14915
6723
8515
323
12611
4419
10563
2371
14659
6467
9027
835
13123
4931
11075
2883
15171
6979
8387
195
12483
4291
10435
2243
14531
6339
8899
707
12995
4803
10947
2755
15043
6851
8643
451
12739
4547
10691
2499
14787
6595
9155
963
13251
5059
11203
3011
15299
7107
8227
35
12323
4131
10275
2083
14371
6179
8739
547
12835
4643
10787
2595
14883
6691
8483
291
12579
4387
10531
2339
14627
6435
8995
803
13091
4899
11043
2851
15139
6947
8355
163
12451
4259
10403
2211
14499
6307
8867
675
12963
4771
10915
2723
15011
6819
8611
419
12707
4515
10659
2467
14755
6563
9123
931
13219
5027
11171
2979
15267
7075
8291
99
12387
4195
10339
2147
14435
6243
8803
611
12899
4707
10851
2659
14947
6755
8547
355
12643
4451
10595
2403
14691
6499
9059
867
13155
4963
11107
2915
15203
7011
8419
227
12515
4323
10467
2275
14563
6371
8931
739
13027
4835
10979
2787
15075
6883
8675
483
12771
4579
10723
2531
14819
6627
9187
995
13283
5091
11235
3043
15331
7139
8211
19
12307
4115
10259
2067
14355
6163
8723
531
12819
4627
10771
2579
14867
6675
8467
275
12563
4371
10515
2323
14611
6419
8979
787
13075
4883
11027
2835
15123
6931
8339
147
12435
4243
10387
2195
14483
6291
8851
659
12947
4755
10899
2707
14995
6803
8595
403
12691
4499
10643
2451
14739
6547
9107
915
13203
5011
11155
2963
15251
7059
8275
83
12371
4179
10323
2131
14419
6227
8787
595
12883
4691
10835
2643
14931
6739
8531
339
12627
4435
10579
2387
14675
6483
9043
851
13139
4947
11091
2899
15187
6995
8403
211
12499
4307
10451
2259
14547
6355
8915
723
13011
4819
10963
2771
15059
6867
8659
467
12755
4563
10707
2515
14803
6611
9171
979
13267
5075
11219
3027
15315
7123
8243
51
12339
4147
10291
2099
14387
6195
8755
563
12851
4659
10803
2611
14899
6707
8499
307
12595
4403
10547
2355
14643
6451
9011
819
13107
4915
11059
2867
15155
6963
8371
179
12467
4275
10419
2227
14515
6323
8883
691
12979
4787
10931
2739
15027
6835
8627
435
12723
4531
10675
2483
14771
6579
9139
947
13235
5043
11187
2995
15283
7091
8307
115
12403
4211
10355
2163
14451
6259
8819
627
12915
4723
10867
2675
14963
6771
8563
371
12659
4467
10611
2419
14707
6515
9075
883
13171
4979
11123
2931
15219
7027
8435
243
12531
4339
10483
2291
14579
6387
8947
755
13043
4851
10995
2803
15091
6899
8691
499
12787
4595
10739
2547
14835
6643
9203
1011
13299
5107
11251
3059
15347
7155
8203
11
12299
4107
10251
2059
14347
6155
8715
523
12811
4619
10763
2571
14859
6667
8459
267
12555
4363
10507
2315
14603
6411
8971
779
13067
4875
11019
2827
15115
6923
8331
139
12427
4235
10379
2187
14475
6283
8843
651
12939
4747
10891
2699
14987
6795
8587
395
12683
4491
10635
2443
14731
6539
9099
907
13195
5003
11147
2955
15243
7051
8267
75
12363
4171
10315
2123
14411
6219
8779
587
12875
4683
10827
2635
14923
6731
8523
331
12619
4427
10571
2379
14667
6475
9035
843
13131
4939
11083
2891
15179
6987
8395
203
12491
4299
10443
2251
14539
6347
8907
715
13003
4811
10955
2763
15051
6859
8651
459
12747
4555
10699
2507
14795
6603
9163
971
13259
5067
11211
3019
15307
7115
8235
43
12331
4139
10283
2091
14379
6187
8747
555
12843
4651
10795
2603
14891
6699
8491
299
12587
4395
10539
2347
14635
6443
9003
811
13099
4907
11051
2859
15147
6955
8363
171
12459
4267
10411
2219
14507
6315
8875
683
12971
4779
10923
2731
15019
6827
8619
427
12715
4523
10667
2475
14763
6571
9131
939
13227
5035
11179
2987
15275
7083
8299
107
12395
4203
10347
2155
14443
6251
8811
619
12907
4715
10859
2667
14955
6763
8555
363
12651
4459
10603
2411
14699
6507
9067
875
13163
4971
11115
2923
15211
7019
8427
235
12523
4331
10475
2283
14571
6379
8939
747
13035
4843
10987
2795
15083
6891
8683
491
12779
4587
10731
2539
14827
6635
9195
1003
13291
5099
11243
3051
15339
7147
8219
27
12315
4123
10267
2075
14363
6171
8731
539
12827
4635
10779
2587
14875
6683
8475
283
12571
4379
10523
2331
14619
6427
8987
795
13083
4891
11035
2843
15131
6939
8347
155
12443
4251
10395
2203
14491
6299
8859
667
12955
4763
10907
2715
15003
6811
8603
411
12699
4507
10651
2459
14747
6555
9115
923
13211
5019
11163
2971
15259
7067
8283
91
12379
4187
10331
2139
14427
6235
8795
603
12891
4699
10843
2651
14939
6747
8539
347
12635
4443
10587
2395
14683
6491
9051
859
13147
4955
11099
2907
15195
7003
8411
219
12507
4315
10459
2267
14555
6363
8923
731
13019
4827
10971
2779
15067
6875
8667
475
12763
4571
10715
2523
14811
6619
9179
987
13275
5083
11227
3035
15323
7131
8251
59
12347
4155
10299
2107
14395
6203
8763
571
12859
4667
10811
2619
14907
6715
8507
315
12603
4411
10555
2363
14651
6459
9019
827
13115
4923
11067
2875
15163
6971
8379
187
12475
4283
10427
2235
14523
6331
8891
699
12987
4795
10939
2747
15035
6843
8635
443
12731
4539
10683
2491
14779
6587
9147
955
13243
5051
11195
3003
15291
7099
8315
123
12411
4219
10363
2171
14459
6267
8827
635
12923
4731
10875
2683
14971
6779
8571
379
12667
4475
10619
2427
14715
6523
9083
891
13179
4987
11131
2939
15227
7035
8443
251
12539
4347
10491
2299
14587
6395
8955
763
13051
4859
11003
2811
15099
6907
8699
507
12795
4603
10747
2555
14843
6651
9211
1019
13307
5115
11259
3067
15355
7163
8199
7
12295
4103
10247
2055
14343
6151
8711
519
12807
4615
10759
2567
14855
6663
8455
263
12551
4359
10503
2311
14599
6407
8967
775
13063
4871
11015
2823
15111
6919
8327
135
12423
4231
10375
2183
14471
6279
8839
647
12935
4743
10887
2695
14983
6791
8583
391
12679
4487
10631
2439
14727
6535
9095
903
13191
4999
11143
2951
15239
7047
8263
71
12359
4167
10311
2119
14407
6215
8775
583
12871
4679
10823
2631
14919
6727
8519
327
12615
4423
10567
2375
14663
6471
9031
839
13127
4935
11079
2887
15175
6983
8391
199
12487
4295
10439
2247
14535
6343
8903
711
12999
4807
10951
2759
15047
6855
8647
455
12743
4551
10695
2503
14791
6599
9159
967
13255
5063
11207
3015
15303
7111
8231
39
12327
4135
10279
2087
14375
6183
8743
551
12839
4647
10791
2599
14887
6695
8487
295
12583
4391
10535
2343
14631
6439
8999
807
13095
4903
11047
2855
15143
6951
8359
167
12455
4263
10407
2215
14503
6311
8871
679
12967
4775
10919
2727
15015
6823
8615
423
12711
4519
10663
2471
14759
6567
9127
935
13223
5031
11175
2983
15271
7079
8295
103
12391
4199
10343
2151
14439
6247
8807
615
12903
4711
10855
2663
14951
6759
8551
359
12647
4455
10599
2407
14695
6503
9063
871
13159
4967
11111
2919
15207
7015
8423
231
12519
4327
10471
2279
14567
6375
8935
743
13031
4839
10983
2791
15079
6887
8679
487
12775
4583
10727
2535
14823
6631
9191
999
13287
5095
11239
3047
15335
7143
8215
23
12311
4119
10263
2071
14359
6167
8727
535
12823
4631
10775
2583
14871
6679
8471
279
12567
4375
10519
2327
14615
6423
8983
791
13079
4887
11031
2839
15127
6935
8343
151
12439
4247
10391
2199
14487
6295
8855
663
12951
4759
10903
2711
14999
6807
8599
407
12695
4503
10647
2455
14743
6551
9111
919
13207
5015
11159
2967
15255
7063
8279
87
12375
4183
10327
2135
14423
6231
8791
599
12887
4695
10839
2647
14935
6743
8535
343
12631
4439
10583
2391
14679
6487
9047
855
13143
4951
11095
2903
15191
6999
8407
215
12503
4311
10455
2263
14551
6359
8919
727
13015
4823
10967
2775
15063
6871
8663
471
12759
4567
10711
2519
14807
6615
9175
983
13271
5079
11223
3031
15319
7127
8247
55
12343
4151
10295
2103
14391
6199
8759
567
12855
4663
10807
2615
14903
6711
8503
311
12599
4407
10551
2359
14647
6455
9015
823
13111
4919
11063
2871
15159
6967
8375
183
12471
4279
10423
2231
14519
6327
8887
695
12983
4791
10935
2743
15031
6839
8631
439
12727
4535
10679
2487
14775
6583
9143
951
13239
5047
11191
2999
15287
7095
8311
119
12407
4215
10359
2167
14455
6263
8823
631
12919
4727
10871
2679
14967
6775
8567
375
12663
4471
10615
2423
14711
6519
9079
887
13175
4983
11127
2935
15223
7031
8439
247
12535
4343
10487
2295
14583
6391
8951
759
13047
4855
10999
2807
15095
6903
8695
503
12791
4599
10743
2551
14839
6647
9207
1015
13303
5111
11255
3063
15351
7159
8207
15
12303
4111
10255
2063
14351
6159
8719
527
12815
4623
10767
2575
14863
6671
8463
271
12559
4367
10511
2319
14607
6415
8975
783
13071
4879
11023
2831
15119
6927
8335
143
12431
4239
10383
2191
14479
6287
8847
655
12943
4751
10895
2703
14991
6799
8591
399
12687
4495
10639
2447
14735
6543
9103
911
13199
5007
11151
2959
15247
7055
8271
79
12367
4175
10319
2127
14415
6223
8783
591
12879
4687
10831
2639
14927
6735
8527
335
12623
4431
10575
2383
14671
6479
9039
847
13135
4943
11087
2895
15183
6991
8399
207
12495
4303
10447
2255
14543
6351
8911
719
13007
4815
10959
2767
15055
6863
8655
463
12751
4559
10703
2511
14799
6607
9167
975
13263
5071
11215
3023
15311
7119
8239
47
12335
4143
10287
2095
14383
6191
8751
559
12847
4655
10799
2607
14895
6703
8495
303
12591
4399
10543
2351
14639
6447
9007
815
13103
4911
11055
2863
15151
6959
8367
175
12463
4271
10415
2223
14511
6319
8879
687
12975
4783
10927
2735
15023
6831
8623
431
12719
4527
10671
2479
14767
6575
9135
943
13231
5039
11183
2991
15279
7087
8303
111
12399
4207
10351
2159
14447
6255
8815
623
12911
4719
10863
2671
14959
6767
8559
367
12655
4463
10607
2415
14703
6511
9071
879
13167
4975
11119
2927
15215
7023
8431
239
12527
4335
10479
2287
14575
6383
8943
751
13039
4847
10991
2799
15087
6895
8687
495
12783
4591
10735
2543
14831
6639
9199
1007
13295
5103
11247
3055
15343
7151
8223
31
12319
4127
10271
2079
14367
6175
8735
543
12831
4639
10783
2591
14879
6687
8479
287
12575
4383
10527
2335
14623
6431
8991
799
13087
4895
11039
2847
15135
6943
8351
159
12447
4255
10399
2207
14495
6303
8863
671
12959
4767
10911
2719
15007
6815
8607
415
12703
4511
10655
2463
14751
6559
9119
927
13215
5023
11167
2975
15263
7071
8287
95
12383
4191
10335
2143
14431
6239
8799
607
12895
4703
10847
2655
14943
6751
8543
351
12639
4447
10591
2399
14687
6495
9055
863
13151
4959
11103
2911
15199
7007
8415
223
12511
4319
10463
2271
14559
6367
8927
735
13023
4831
10975
2783
15071
6879
8671
479
12767
4575
10719
2527
14815
6623
9183
991
13279
5087
11231
3039
15327
7135
8255
63
12351
4159
10303
2111
14399
6207
8767
575
12863
4671
10815
2623
14911
6719
8511
319
12607
4415
10559
2367
14655
6463
9023
831
13119
4927
11071
2879
15167
6975
8383
191
12479
4287
10431
2239
14527
6335
8895
703
12991
4799
10943
2751
15039
6847
8639
447
12735
4543
10687
2495
14783
6591
9151
959
13247
5055
11199
3007
15295
7103
8319
127
12415
4223
10367
2175
14463
6271
8831
639
12927
4735
10879
2687
14975
6783
8575
383
12671
4479
10623
2431
14719
6527
9087
895
13183
4991
11135
2943
15231
7039
8447
255
12543
4351
10495
2303
14591
6399
8959
767
13055
4863
11007
2815
15103
6911
8703
511
12799
4607
10751
2559
14847
6655
9215
1023
13311
5119
11263
3071
15359
7167
