2304
256
3328
1280
2816
768
3840
1792
2432
384
3456
1408
2944
896
3968
1920
2368
320
3392
1344
2880
832
3904
1856
2496
448
3520
1472
3008
960
4032
1984
2336
288
3360
1312
2848
800
3872
1824
2464
416
3488
1440
2976
928
4000
1952
2400
352
3424
1376
2912
864
3936
1888
2528
480
3552
1504
3040
992
4064
2016
2320
272
3344
1296
2832
784
3856
1808
2448
400
3472
1424
2960
912
3984
1936
2384
336
3408
1360
2896
848
3920
1872
2512
464
3536
1488
3024
976
4048
2000
2352
304
3376
1328
2864
816
3888
1840
2480
432
3504
1456
2992
944
4016
1968
2416
368
3440
1392
2928
880
3952
1904
2544
496
3568
1520
3056
1008
4080
2032
2312
264
3336
1288
2824
776
3848
1800
2440
392
3464
1416
2952
904
3976
1928
2376
328
3400
1352
2888
840
3912
1864
2504
456
3528
1480
3016
968
4040
1992
2344
296
3368
1320
2856
808
3880
1832
2472
424
3496
1448
2984
936
4008
1960
2408
360
3432
1384
2920
872
3944
1896
2536
488
3560
1512
3048
1000
4072
2024
2328
280
3352
1304
2840
792
3864
1816
2456
408
3480
1432
2968
920
3992
1944
2392
344
3416
1368
2904
856
3928
1880
2520
472
3544
1496
3032
984
4056
2008
2360
312
3384
1336
2872
824
3896
1848
2488
440
3512
1464
3000
952
4024
1976
2424
376
3448
1400
2936
888
3960
1912
2552
504
3576
1528
3064
1016
4088
2040
2308
260
3332
1284
2820
772
3844
1796
2436
388
3460
1412
2948
900
3972
1924
2372
324
3396
1348
2884
836
3908
1860
2500
452
3524
1476
3012
964
4036
1988
2340
292
3364
1316
2852
804
3876
1828
2468
420
3492
1444
2980
932
4004
1956
2404
356
3428
1380
2916
868
3940
1892
2532
484
3556
1508
3044
996
4068
2020
2324
276
3348
1300
2836
788
3860
1812
2452
404
3476
1428
2964
916
3988
1940
2388
340
3412
1364
2900
852
3924
1876
2516
468
3540
1492
3028
980
4052
2004
2356
308
3380
1332
2868
820
3892
1844
2484
436
3508
1460
2996
948
4020
1972
2420
372
3444
1396
2932
884
3956
1908
2548
500
3572
1524
3060
1012
4084
2036
2316
268
3340
1292
2828
780
3852
1804
2444
396
3468
1420
2956
908
3980
1932
2380
332
3404
1356
2892
844
3916
1868
2508
460
3532
1484
3020
972
4044
1996
2348
300
3372
1324
2860
812
3884
1836
2476
428
3500
1452
2988
940
4012
1964
2412
364
3436
1388
2924
876
3948
1900
2540
492
3564
1516
3052
1004
4076
2028
2332
284
3356
1308
2844
796
3868
1820
2460
412
3484
1436
2972
924
3996
1948
2396
348
3420
1372
2908
860
3932
1884
2524
476
3548
1500
3036
988
4060
2012
2364
316
3388
1340
2876
828
3900
1852
2492
444
3516
1468
3004
956
4028
1980
2428
380
3452
1404
2940
892
3964
1916
2556
508
3580
1532
3068
1020
4092
2044
2306
258
3330
1282
2818
770
3842
1794
2434
386
3458
1410
2946
898
3970
1922
2370
322
3394
1346
2882
834
3906
1858
2498
450
3522
1474
3010
962
4034
1986
2338
290
3362
1314
2850
802
3874
1826
2466
418
3490
1442
2978
930
4002
1954
2402
354
3426
1378
2914
866
3938
1890
2530
482
3554
1506
3042
994
4066
2018
2322
274
3346
1298
2834
786
3858
1810
2450
402
3474
1426
2962
914
3986
1938
2386
338
3410
1362
2898
850
3922
1874
2514
466
3538
1490
3026
978
4050
2002
2354
306
3378
1330
2866
818
3890
1842
2482
434
3506
1458
2994
946
4018
1970
2418
370
3442
1394
2930
882
3954
1906
2546
498
3570
1522
3058
1010
4082
2034
2314
266
3338
1290
2826
778
3850
1802
2442
394
3466
1418
2954
906
3978
1930
2378
330
3402
1354
2890
842
3914
1866
2506
458
3530
1482
3018
970
4042
1994
2346
298
3370
1322
2858
810
3882
1834
2474
426
3498
1450
2986
938
4010
1962
2410
362
3434
1386
2922
874
3946
1898
2538
490
3562
1514
3050
1002
4074
2026
2330
282
3354
1306
2842
794
3866
1818
2458
410
3482
1434
2970
922
3994
1946
2394
346
3418
1370
2906
858
3930
1882
2522
474
3546
1498
3034
986
4058
2010
2362
314
3386
1338
2874
826
3898
1850
2490
442
3514
1466
3002
954
4026
1978
2426
378
3450
1402
2938
890
3962
1914
2554
506
3578
1530
3066
1018
4090
2042
2310
262
3334
1286
2822
774
3846
1798
2438
390
3462
1414
2950
902
3974
1926
2374
326
3398
1350
2886
838
3910
1862
2502
454
3526
1478
3014
966
4038
1990
2342
294
3366
1318
2854
806
3878
1830
2470
422
3494
1446
2982
934
4006
1958
2406
358
3430
1382
2918
870
3942
1894
2534
486
3558
1510
3046
998
4070
2022
2326
278
3350
1302
2838
790
3862
1814
2454
406
3478
1430
2966
918
3990
1942
2390
342
3414
1366
2902
854
3926
1878
2518
470
3542
1494
3030
982
4054
2006
2358
310
3382
1334
2870
822
3894
1846
2486
438
3510
1462
2998
950
4022
1974
2422
374
3446
1398
2934
886
3958
1910
2550
502
3574
1526
3062
1014
4086
2038
2318
270
3342
1294
2830
782
3854
1806
2446
398
3470
1422
2958
910
3982
1934
2382
334
3406
1358
2894
846
3918
1870
2510
462
3534
1486
3022
974
4046
1998
2350
302
3374
1326
2862
814
3886
1838
2478
430
3502
1454
2990
942
4014
1966
2414
366
3438
1390
2926
878
3950
1902
2542
494
3566
1518
3054
1006
4078
2030
2334
286
3358
1310
2846
798
3870
1822
2462
414
3486
1438
2974
926
3998
1950
2398
350
3422
1374
2910
862
3934
1886
2526
478
3550
1502
3038
990
4062
2014
2366
318
3390
1342
2878
830
3902
1854
2494
446
3518
1470
3006
958
4030
1982
2430
382
3454
1406
2942
894
3966
1918
2558
510
3582
1534
3070
1022
4094
2046
2305
257
3329
1281
2817
769
3841
1793
2433
385
3457
1409
2945
897
3969
1921
2369
321
3393
1345
2881
833
3905
1857
2497
449
3521
1473
3009
961
4033
1985
2337
289
3361
1313
2849
801
3873
1825
2465
417
3489
1441
2977
929
4001
1953
2401
353
3425
1377
2913
865
3937
1889
2529
481
3553
1505
3041
993
4065
2017
2321
273
3345
1297
2833
785
3857
1809
2449
401
3473
1425
2961
913
3985
1937
2385
337
3409
1361
2897
849
3921
1873
2513
465
3537
1489
3025
977
4049
2001
2353
305
3377
1329
2865
817
3889
1841
2481
433
3505
1457
2993
945
4017
1969
2417
369
3441
1393
2929
881
3953
1905
2545
497
3569
1521
3057
1009
4081
2033
2313
265
3337
1289
2825
777
3849
1801
2441
393
3465
1417
2953
905
3977
1929
2377
329
3401
1353
2889
841
3913
1865
2505
457
3529
1481
3017
969
4041
1993
2345
297
3369
1321
2857
809
3881
1833
2473
425
3497
1449
2985
937
4009
1961
2409
361
3433
1385
2921
873
3945
1897
2537
489
3561
1513
3049
1001
4073
2025
2329
281
3353
1305
2841
793
3865
1817
2457
409
3481
1433
2969
921
3993
1945
2393
345
3417
1369
2905
857
3929
1881
2521
473
3545
1497
3033
985
4057
2009
2361
313
3385
1337
2873
825
3897
1849
2489
441
3513
1465
3001
953
4025
1977
2425
377
3449
1401
2937
889
3961
1913
2553
505
3577
1529
3065
1017
4089
2041
2309
261
3333
1285
2821
773
3845
1797
2437
389
3461
1413
2949
901
3973
1925
2373
325
3397
1349
2885
837
3909
1861
2501
453
3525
1477
3013
965
4037
1989
2341
293
3365
1317
2853
805
3877
1829
2469
421
3493
1445
2981
933
4005
1957
2405
357
3429
1381
2917
869
3941
1893
2533
485
3557
1509
3045
997
4069
2021
2325
277
3349
1301
2837
789
3861
1813
2453
405
3477
1429
2965
917
3989
1941
2389
341
3413
1365
2901
853
3925
1877
2517
469
3541
1493
3029
981
4053
2005
2357
309
3381
1333
2869
821
3893
1845
2485
437
3509
1461
2997
949
4021
1973
2421
373
3445
1397
2933
885
3957
1909
2549
501
3573
1525
3061
1013
4085
2037
2317
269
3341
1293
2829
781
3853
1805
2445
397
3469
1421
2957
909
3981
1933
2381
333
3405
1357
2893
845
3917
1869
2509
461
3533
1485
3021
973
4045
1997
2349
301
3373
1325
2861
813
3885
1837
2477
429
3501
1453
2989
941
4013
1965
2413
365
3437
1389
2925
877
3949
1901
2541
493
3565
1517
3053
1005
4077
2029
2333
285
3357
1309
2845
797
3869
1821
2461
413
3485
1437
2973
925
3997
1949
2397
349
3421
1373
2909
861
3933
1885
2525
477
3549
1501
3037
989
4061
2013
2365
317
3389
1341
2877
829
3901
1853
2493
445
3517
1469
3005
957
4029
1981
2429
381
3453
1405
2941
893
3965
1917
2557
509
3581
1533
3069
1021
4093
2045
2307
259
3331
1283
2819
771
3843
1795
2435
387
3459
1411
2947
899
3971
1923
2371
323
3395
1347
2883
835
3907
1859
2499
451
3523
1475
3011
963
4035
1987
2339
291
3363
1315
2851
803
3875
1827
2467
419
3491
1443
2979
931
4003
1955
2403
355
3427
1379
2915
867
3939
1891
2531
483
3555
1507
3043
995
4067
2019
2323
275
3347
1299
2835
787
3859
1811
2451
403
3475
1427
2963
915
3987
1939
2387
339
3411
1363
2899
851
3923
1875
2515
467
3539
1491
3027
979
4051
2003
2355
307
3379
1331
2867
819
3891
1843
2483
435
3507
1459
2995
947
4019
1971
2419
371
3443
1395
2931
883
3955
1907
2547
499
3571
1523
3059
1011
4083
2035
2315
267
3339
1291
2827
779
3851
1803
2443
395
3467
1419
2955
907
3979
1931
2379
331
3403
1355
2891
843
3915
1867
2507
459
3531
1483
3019
971
4043
1995
2347
299
3371
1323
2859
811
3883
1835
2475
427
3499
1451
2987
939
4011
1963
2411
363
3435
1387
2923
875
3947
1899
2539
491
3563
1515
3051
1003
4075
2027
2331
283
3355
1307
2843
795
3867
1819
2459
411
3483
1435
2971
923
3995
1947
2395
347
3419
1371
2907
859
3931
1883
2523
475
3547
1499
3035
987
4059
2011
2363
315
3387
1339
2875
827
3899
1851
2491
443
3515
1467
3003
955
4027
1979
2427
379
3451
1403
2939
891
3963
1915
2555
507
3579
1531
3067
1019
4091
2043
2311
263
3335
1287
2823
775
3847
1799
2439
391
3463
1415
2951
903
3975
1927
2375
327
3399
1351
2887
839
3911
1863
2503
455
3527
1479
3015
967
4039
1991
2343
295
3367
1319
2855
807
3879
1831
2471
423
3495
1447
2983
935
4007
1959
2407
359
3431
1383
2919
871
3943
1895
2535
487
3559
1511
3047
999
4071
2023
2327
279
3351
1303
2839
791
3863
1815
2455
407
3479
1431
2967
919
3991
1943
2391
343
3415
1367
2903
855
3927
1879
2519
471
3543
1495
3031
983
4055
2007
2359
311
3383
1335
2871
823
3895
1847
2487
439
3511
1463
2999
951
4023
1975
2423
375
3447
1399
2935
887
3959
1911
2551
503
3575
1527
3063
1015
4087
2039
2319
271
3343
1295
2831
783
3855
1807
2447
399
3471
1423
2959
911
3983
1935
2383
335
3407
1359
2895
847
3919
1871
2511
463
3535
1487
3023
975
4047
1999
2351
303
3375
1327
2863
815
3887
1839
2479
431
3503
1455
2991
943
4015
1967
2415
367
3439
1391
2927
879
3951
1903
2543
495
3567
1519
3055
1007
4079
2031
2335
287
3359
1311
2847
799
3871
1823
2463
415
3487
1439
2975
927
3999
1951
2399
351
3423
1375
2911
863
3935
1887
2527
479
3551
1503
3039
991
4063
2015
2367
319
3391
1343
2879
831
3903
1855
2495
447
3519
1471
3007
959
4031
1983
2431
383
3455
1407
2943
895
3967
1919
2559
511
3583
1535
3071
1023
4095
2047
