1024
9216
5120
13312
3072
11264
7168
15360
1536
9728
5632
13824
3584
11776
7680
15872
1280
9472
5376
13568
3328
11520
7424
15616
1792
9984
5888
14080
3840
12032
7936
16128
1152
9344
5248
13440
3200
11392
7296
15488
1664
9856
5760
13952
3712
11904
7808
16000
1408
9600
5504
13696
3456
11648
7552
15744
1920
10112
6016
14208
3968
12160
8064
16256
1088
9280
5184
13376
3136
11328
7232
15424
1600
9792
5696
13888
3648
11840
7744
15936
1344
9536
5440
13632
3392
11584
7488
15680
1856
10048
5952
14144
3904
12096
8000
16192
1216
9408
5312
13504
3264
11456
7360
15552
1728
9920
5824
14016
3776
11968
7872
16064
1472
9664
5568
13760
3520
11712
7616
15808
1984
10176
6080
14272
4032
12224
8128
16320
1056
9248
5152
13344
3104
11296
7200
15392
1568
9760
5664
13856
3616
11808
7712
15904
1312
9504
5408
13600
3360
11552
7456
15648
1824
10016
5920
14112
3872
12064
7968
16160
1184
9376
5280
13472
3232
11424
7328
15520
1696
9888
5792
13984
3744
11936
7840
16032
1440
9632
5536
13728
3488
11680
7584
15776
1952
10144
6048
14240
4000
12192
8096
16288
1120
9312
5216
13408
3168
11360
7264
15456
1632
9824
5728
13920
3680
11872
7776
15968
1376
9568
5472
13664
3424
11616
7520
15712
1888
10080
5984
14176
3936
12128
8032
16224
1248
9440
5344
13536
3296
11488
7392
15584
1760
9952
5856
14048
3808
12000
7904
16096
1504
9696
5600
13792
3552
11744
7648
15840
2016
10208
6112
14304
4064
12256
8160
16352
1040
9232
5136
13328
3088
11280
7184
15376
1552
9744
5648
13840
3600
11792
7696
15888
1296
9488
5392
13584
3344
11536
7440
15632
1808
10000
5904
14096
3856
12048
7952
16144
1168
9360
5264
13456
3216
11408
7312
15504
1680
9872
5776
13968
3728
11920
7824
16016
1424
9616
5520
13712
3472
11664
7568
15760
1936
10128
6032
14224
3984
12176
8080
16272
1104
9296
5200
13392
3152
11344
7248
15440
1616
9808
5712
13904
3664
11856
7760
15952
1360
9552
5456
13648
3408
11600
7504
15696
1872
10064
5968
14160
3920
12112
8016
16208
1232
9424
5328
13520
3280
11472
7376
15568
1744
9936
5840
14032
3792
11984
7888
16080
1488
9680
5584
13776
3536
11728
7632
15824
2000
10192
6096
14288
4048
12240
8144
16336
1072
9264
5168
13360
3120
11312
7216
15408
1584
9776
5680
13872
3632
11824
7728
15920
1328
9520
5424
13616
3376
11568
7472
15664
1840
10032
5936
14128
3888
12080
7984
16176
1200
9392
5296
13488
3248
11440
7344
15536
1712
9904
5808
14000
3760
11952
7856
16048
1456
9648
5552
13744
3504
11696
7600
15792
1968
10160
6064
14256
4016
12208
8112
16304
1136
9328
5232
13424
3184
11376
7280
15472
1648
9840
5744
13936
3696
11888
7792
15984
1392
9584
5488
13680
3440
11632
7536
15728
1904
10096
6000
14192
3952
12144
8048
16240
1264
9456
5360
13552
3312
11504
7408
15600
1776
9968
5872
14064
3824
12016
7920
16112
1520
9712
5616
13808
3568
11760
7664
15856
2032
10224
6128
14320
4080
12272
8176
16368
1032
9224
5128
13320
3080
11272
7176
15368
1544
9736
5640
13832
3592
11784
7688
15880
1288
9480
5384
13576
3336
11528
7432
15624
1800
9992
5896
14088
3848
12040
7944
16136
1160
9352
5256
13448
3208
11400
7304
15496
1672
9864
5768
13960
3720
11912
7816
16008
1416
9608
5512
13704
3464
11656
7560
15752
1928
10120
6024
14216
3976
12168
8072
16264
1096
9288
5192
13384
3144
11336
7240
15432
1608
9800
5704
13896
3656
11848
7752
15944
1352
9544
5448
13640
3400
11592
7496
15688
1864
10056
5960
14152
3912
12104
8008
16200
1224
9416
5320
13512
3272
11464
7368
15560
1736
9928
5832
14024
3784
11976
7880
16072
1480
9672
5576
13768
3528
11720
7624
15816
1992
10184
6088
14280
4040
12232
8136
16328
1064
9256
5160
13352
3112
11304
7208
15400
1576
9768
5672
13864
3624
11816
7720
15912
1320
9512
5416
13608
3368
11560
7464
15656
1832
10024
5928
14120
3880
12072
7976
16168
1192
9384
5288
13480
3240
11432
7336
15528
1704
9896
5800
13992
3752
11944
7848
16040
1448
9640
5544
13736
3496
11688
7592
15784
1960
10152
6056
14248
4008
12200
8104
16296
1128
9320
5224
13416
3176
11368
7272
15464
1640
9832
5736
13928
3688
11880
7784
15976
1384
9576
5480
13672
3432
11624
7528
15720
1896
10088
5992
14184
3944
12136
8040
16232
1256
9448
5352
13544
3304
11496
7400
15592
1768
9960
5864
14056
3816
12008
7912
16104
1512
9704
5608
13800
3560
11752
7656
15848
2024
10216
6120
14312
4072
12264
8168
16360
1048
9240
5144
13336
3096
11288
7192
15384
1560
9752
5656
13848
3608
11800
7704
15896
1304
9496
5400
13592
3352
11544
7448
15640
1816
10008
5912
14104
3864
12056
7960
16152
1176
9368
5272
13464
3224
11416
7320
15512
1688
9880
5784
13976
3736
11928
7832
16024
1432
9624
5528
13720
3480
11672
7576
15768
1944
10136
6040
14232
3992
12184
8088
16280
1112
9304
5208
13400
3160
11352
7256
15448
1624
9816
5720
13912
3672
11864
7768
15960
1368
9560
5464
13656
3416
11608
7512
15704
1880
10072
5976
14168
3928
12120
8024
16216
1240
9432
5336
13528
3288
11480
7384
15576
1752
9944
5848
14040
3800
11992
7896
16088
1496
9688
5592
13784
3544
11736
7640
15832
2008
10200
6104
14296
4056
12248
8152
16344
1080
9272
5176
13368
3128
11320
7224
15416
1592
9784
5688
13880
3640
11832
7736
15928
1336
9528
5432
13624
3384
11576
7480
15672
1848
10040
5944
14136
3896
12088
7992
16184
1208
9400
5304
13496
3256
11448
7352
15544
1720
9912
5816
14008
3768
11960
7864
16056
1464
9656
5560
13752
3512
11704
7608
15800
1976
10168
6072
14264
4024
12216
8120
16312
1144
9336
5240
13432
3192
11384
7288
15480
1656
9848
5752
13944
3704
11896
7800
15992
1400
9592
5496
13688
3448
11640
7544
15736
1912
10104
6008
14200
3960
12152
8056
16248
1272
9464
5368
13560
3320
11512
7416
15608
1784
9976
5880
14072
3832
12024
7928
16120
1528
9720
5624
13816
3576
11768
7672
15864
2040
10232
6136
14328
4088
12280
8184
16376
1028
9220
5124
13316
3076
11268
7172
15364
1540
9732
5636
13828
3588
11780
7684
15876
1284
9476
5380
13572
3332
11524
7428
15620
1796
9988
5892
14084
3844
12036
7940
16132
1156
9348
5252
13444
3204
11396
7300
15492
1668
9860
5764
13956
3716
11908
7812
16004
1412
9604
5508
13700
3460
11652
7556
15748
1924
10116
6020
14212
3972
12164
8068
16260
1092
9284
5188
13380
3140
11332
7236
15428
1604
9796
5700
13892
3652
11844
7748
15940
1348
9540
5444
13636
3396
11588
7492
15684
1860
10052
5956
14148
3908
12100
8004
16196
1220
9412
5316
13508
3268
11460
7364
15556
1732
9924
5828
14020
3780
11972
7876
16068
1476
9668
5572
13764
3524
11716
7620
15812
1988
10180
6084
14276
4036
12228
8132
16324
1060
9252
5156
13348
3108
11300
7204
15396
1572
9764
5668
13860
3620
11812
7716
15908
1316
9508
5412
13604
3364
11556
7460
15652
1828
10020
5924
14116
3876
12068
7972
16164
1188
9380
5284
13476
3236
11428
7332
15524
1700
9892
5796
13988
3748
11940
7844
16036
1444
9636
5540
13732
3492
11684
7588
15780
1956
10148
6052
14244
4004
12196
8100
16292
1124
9316
5220
13412
3172
11364
7268
15460
1636
9828
5732
13924
3684
11876
7780
15972
1380
9572
5476
13668
3428
11620
7524
15716
1892
10084
5988
14180
3940
12132
8036
16228
1252
9444
5348
13540
3300
11492
7396
15588
1764
9956
5860
14052
3812
12004
7908
16100
1508
9700
5604
13796
3556
11748
7652
15844
2020
10212
6116
14308
4068
12260
8164
16356
1044
9236
5140
13332
3092
11284
7188
15380
1556
9748
5652
13844
3604
11796
7700
15892
1300
9492
5396
13588
3348
11540
7444
15636
1812
10004
5908
14100
3860
12052
7956
16148
1172
9364
5268
13460
3220
11412
7316
15508
1684
9876
5780
13972
3732
11924
7828
16020
1428
9620
5524
13716
3476
11668
7572
15764
1940
10132
6036
14228
3988
12180
8084
16276
1108
9300
5204
13396
3156
11348
7252
15444
1620
9812
5716
13908
3668
11860
7764
15956
1364
9556
5460
13652
3412
11604
7508
15700
1876
10068
5972
14164
3924
12116
8020
16212
1236
9428
5332
13524
3284
11476
7380
15572
1748
9940
5844
14036
3796
11988
7892
16084
1492
9684
5588
13780
3540
11732
7636
15828
2004
10196
6100
14292
4052
12244
8148
16340
1076
9268
5172
13364
3124
11316
7220
15412
1588
9780
5684
13876
3636
11828
7732
15924
1332
9524
5428
13620
3380
11572
7476
15668
1844
10036
5940
14132
3892
12084
7988
16180
1204
9396
5300
13492
3252
11444
7348
15540
1716
9908
5812
14004
3764
11956
7860
16052
1460
9652
5556
13748
3508
11700
7604
15796
1972
10164
6068
14260
4020
12212
8116
16308
1140
9332
5236
13428
3188
11380
7284
15476
1652
9844
5748
13940
3700
11892
7796
15988
1396
9588
5492
13684
3444
11636
7540
15732
1908
10100
6004
14196
3956
12148
8052
16244
1268
9460
5364
13556
3316
11508
7412
15604
1780
9972
5876
14068
3828
12020
7924
16116
1524
9716
5620
13812
3572
11764
7668
15860
2036
10228
6132
14324
4084
12276
8180
16372
1036
9228
5132
13324
3084
11276
7180
15372
1548
9740
5644
13836
3596
11788
7692
15884
1292
9484
5388
13580
3340
11532
7436
15628
1804
9996
5900
14092
3852
12044
7948
16140
1164
9356
5260
13452
3212
11404
7308
15500
1676
9868
5772
13964
3724
11916
7820
16012
1420
9612
5516
13708
3468
11660
7564
15756
1932
10124
6028
14220
3980
12172
8076
16268
1100
9292
5196
13388
3148
11340
7244
15436
1612
9804
5708
13900
3660
11852
7756
15948
1356
9548
5452
13644
3404
11596
7500
15692
1868
10060
5964
14156
3916
12108
8012
16204
1228
9420
5324
13516
3276
11468
7372
15564
1740
9932
5836
14028
3788
11980
7884
16076
1484
9676
5580
13772
3532
11724
7628
15820
1996
10188
6092
14284
4044
12236
8140
16332
1068
9260
5164
13356
3116
11308
7212
15404
1580
9772
5676
13868
3628
11820
7724
15916
1324
9516
5420
13612
3372
11564
7468
15660
1836
10028
5932
14124
3884
12076
7980
16172
1196
9388
5292
13484
3244
11436
7340
15532
1708
9900
5804
13996
3756
11948
7852
16044
1452
9644
5548
13740
3500
11692
7596
15788
1964
10156
6060
14252
4012
12204
8108
16300
1132
9324
5228
13420
3180
11372
7276
15468
1644
9836
5740
13932
3692
11884
7788
15980
1388
9580
5484
13676
3436
11628
7532
15724
1900
10092
5996
14188
3948
12140
8044
16236
1260
9452
5356
13548
3308
11500
7404
15596
1772
9964
5868
14060
3820
12012
7916
16108
1516
9708
5612
13804
3564
11756
7660
15852
2028
10220
6124
14316
4076
12268
8172
16364
1052
9244
5148
13340
3100
11292
7196
15388
1564
9756
5660
13852
3612
11804
7708
15900
1308
9500
5404
13596
3356
11548
7452
15644
1820
10012
5916
14108
3868
12060
7964
16156
1180
9372
5276
13468
3228
11420
7324
15516
1692
9884
5788
13980
3740
11932
7836
16028
1436
9628
5532
13724
3484
11676
7580
15772
1948
10140
6044
14236
3996
12188
8092
16284
1116
9308
5212
13404
3164
11356
7260
15452
1628
9820
5724
13916
3676
11868
7772
15964
1372
9564
5468
13660
3420
11612
7516
15708
1884
10076
5980
14172
3932
12124
8028
16220
1244
9436
5340
13532
3292
11484
7388
15580
1756
9948
5852
14044
3804
11996
7900
16092
1500
9692
5596
13788
3548
11740
7644
15836
2012
10204
6108
14300
4060
12252
8156
16348
1084
9276
5180
13372
3132
11324
7228
15420
1596
9788
5692
13884
3644
11836
7740
15932
1340
9532
5436
13628
3388
11580
7484
15676
1852
10044
5948
14140
3900
12092
7996
16188
1212
9404
5308
13500
3260
11452
7356
15548
1724
9916
5820
14012
3772
11964
7868
16060
1468
9660
5564
13756
3516
11708
7612
15804
1980
10172
6076
14268
4028
12220
8124
16316
1148
9340
5244
13436
3196
11388
7292
15484
1660
9852
5756
13948
3708
11900
7804
15996
1404
9596
5500
13692
3452
11644
7548
15740
1916
10108
6012
14204
3964
12156
8060
16252
1276
9468
5372
13564
3324
11516
7420
15612
1788
9980
5884
14076
3836
12028
7932
16124
1532
9724
5628
13820
3580
11772
7676
15868
2044
10236
6140
14332
4092
12284
8188
16380
1026
9218
5122
13314
3074
11266
7170
15362
1538
9730
5634
13826
3586
11778
7682
15874
1282
9474
5378
13570
3330
11522
7426
15618
1794
9986
5890
14082
3842
12034
7938
16130
1154
9346
5250
13442
3202
11394
7298
15490
1666
9858
5762
13954
3714
11906
7810
16002
1410
9602
5506
13698
3458
11650
7554
15746
1922
10114
6018
14210
3970
12162
8066
16258
1090
9282
5186
13378
3138
11330
7234
15426
1602
9794
5698
13890
3650
11842
7746
15938
1346
9538
5442
13634
3394
11586
7490
15682
1858
10050
5954
14146
3906
12098
8002
16194
1218
9410
5314
13506
3266
11458
7362
15554
1730
9922
5826
14018
3778
11970
7874
16066
1474
9666
5570
13762
3522
11714
7618
15810
1986
10178
6082
14274
4034
12226
8130
16322
1058
9250
5154
13346
3106
11298
7202
15394
1570
9762
5666
13858
3618
11810
7714
15906
1314
9506
5410
13602
3362
11554
7458
15650
1826
10018
5922
14114
3874
12066
7970
16162
1186
9378
5282
13474
3234
11426
7330
15522
1698
9890
5794
13986
3746
11938
7842
16034
1442
9634
5538
13730
3490
11682
7586
15778
1954
10146
6050
14242
4002
12194
8098
16290
1122
9314
5218
13410
3170
11362
7266
15458
1634
9826
5730
13922
3682
11874
7778
15970
1378
9570
5474
13666
3426
11618
7522
15714
1890
10082
5986
14178
3938
12130
8034
16226
1250
9442
5346
13538
3298
11490
7394
15586
1762
9954
5858
14050
3810
12002
7906
16098
1506
9698
5602
13794
3554
11746
7650
15842
2018
10210
6114
14306
4066
12258
8162
16354
1042
9234
5138
13330
3090
11282
7186
15378
1554
9746
5650
13842
3602
11794
7698
15890
1298
9490
5394
13586
3346
11538
7442
15634
1810
10002
5906
14098
3858
12050
7954
16146
1170
9362
5266
13458
3218
11410
7314
15506
1682
9874
5778
13970
3730
11922
7826
16018
1426
9618
5522
13714
3474
11666
7570
15762
1938
10130
6034
14226
3986
12178
8082
16274
1106
9298
5202
13394
3154
11346
7250
15442
1618
9810
5714
13906
3666
11858
7762
15954
1362
9554
5458
13650
3410
11602
7506
15698
1874
10066
5970
14162
3922
12114
8018
16210
1234
9426
5330
13522
3282
11474
7378
15570
1746
9938
5842
14034
3794
11986
7890
16082
1490
9682
5586
13778
3538
11730
7634
15826
2002
10194
6098
14290
4050
12242
8146
16338
1074
9266
5170
13362
3122
11314
7218
15410
1586
9778
5682
13874
3634
11826
7730
15922
1330
9522
5426
13618
3378
11570
7474
15666
1842
10034
5938
14130
3890
12082
7986
16178
1202
9394
5298
13490
3250
11442
7346
15538
1714
9906
5810
14002
3762
11954
7858
16050
1458
9650
5554
13746
3506
11698
7602
15794
1970
10162
6066
14258
4018
12210
8114
16306
1138
9330
5234
13426
3186
11378
7282
15474
1650
9842
5746
13938
3698
11890
7794
15986
1394
9586
5490
13682
3442
11634
7538
15730
1906
10098
6002
14194
3954
12146
8050
16242
1266
9458
5362
13554
3314
11506
7410
15602
1778
9970
5874
14066
3826
12018
7922
16114
1522
9714
5618
13810
3570
11762
7666
15858
2034
10226
6130
14322
4082
12274
8178
16370
1034
9226
5130
13322
3082
11274
7178
15370
1546
9738
5642
13834
3594
11786
7690
15882
1290
9482
5386
13578
3338
11530
7434
15626
1802
9994
5898
14090
3850
12042
7946
16138
1162
9354
5258
13450
3210
11402
7306
15498
1674
9866
5770
13962
3722
11914
7818
16010
1418
9610
5514
13706
3466
11658
7562
15754
1930
10122
6026
14218
3978
12170
8074
16266
1098
9290
5194
13386
3146
11338
7242
15434
1610
9802
5706
13898
3658
11850
7754
15946
1354
9546
5450
13642
3402
11594
7498
15690
1866
10058
5962
14154
3914
12106
8010
16202
1226
9418
5322
13514
3274
11466
7370
15562
1738
9930
5834
14026
3786
11978
7882
16074
1482
9674
5578
13770
3530
11722
7626
15818
1994
10186
6090
14282
4042
12234
8138
16330
1066
9258
5162
13354
3114
11306
7210
15402
1578
9770
5674
13866
3626
11818
7722
15914
1322
9514
5418
13610
3370
11562
7466
15658
1834
10026
5930
14122
3882
12074
7978
16170
1194
9386
5290
13482
3242
11434
7338
15530
1706
9898
5802
13994
3754
11946
7850
16042
1450
9642
5546
13738
3498
11690
7594
15786
1962
10154
6058
14250
4010
12202
8106
16298
1130
9322
5226
13418
3178
11370
7274
15466
1642
9834
5738
13930
3690
11882
7786
15978
1386
9578
5482
13674
3434
11626
7530
15722
1898
10090
5994
14186
3946
12138
8042
16234
1258
9450
5354
13546
3306
11498
7402
15594
1770
9962
5866
14058
3818
12010
7914
16106
1514
9706
5610
13802
3562
11754
7658
15850
2026
10218
6122
14314
4074
12266
8170
16362
1050
9242
5146
13338
3098
11290
7194
15386
1562
9754
5658
13850
3610
11802
7706
15898
1306
9498
5402
13594
3354
11546
7450
15642
1818
10010
5914
14106
3866
12058
7962
16154
1178
9370
5274
13466
3226
11418
7322
15514
1690
9882
5786
13978
3738
11930
7834
16026
1434
9626
5530
13722
3482
11674
7578
15770
1946
10138
6042
14234
3994
12186
8090
16282
1114
9306
5210
13402
3162
11354
7258
15450
1626
9818
5722
13914
3674
11866
7770
15962
1370
9562
5466
13658
3418
11610
7514
15706
1882
10074
5978
14170
3930
12122
8026
16218
1242
9434
5338
13530
3290
11482
7386
15578
1754
9946
5850
14042
3802
11994
7898
16090
1498
9690
5594
13786
3546
11738
7642
15834
2010
10202
6106
14298
4058
12250
8154
16346
1082
9274
5178
13370
3130
11322
7226
15418
1594
9786
5690
13882
3642
11834
7738
15930
1338
9530
5434
13626
3386
11578
7482
15674
1850
10042
5946
14138
3898
12090
7994
16186
1210
9402
5306
13498
3258
11450
7354
15546
1722
9914
5818
14010
3770
11962
7866
16058
1466
9658
5562
13754
3514
11706
7610
15802
1978
10170
6074
14266
4026
12218
8122
16314
1146
9338
5242
13434
3194
11386
7290
15482
1658
9850
5754
13946
3706
11898
7802
15994
1402
9594
5498
13690
3450
11642
7546
15738
1914
10106
6010
14202
3962
12154
8058
16250
1274
9466
5370
13562
3322
11514
7418
15610
1786
9978
5882
14074
3834
12026
7930
16122
1530
9722
5626
13818
3578
11770
7674
15866
2042
10234
6138
14330
4090
12282
8186
16378
1030
9222
5126
13318
3078
11270
7174
15366
1542
9734
5638
13830
3590
11782
7686
15878
1286
9478
5382
13574
3334
11526
7430
15622
1798
9990
5894
14086
3846
12038
7942
16134
1158
9350
5254
13446
3206
11398
7302
15494
1670
9862
5766
13958
3718
11910
7814
16006
1414
9606
5510
13702
3462
11654
7558
15750
1926
10118
6022
14214
3974
12166
8070
16262
1094
9286
5190
13382
3142
11334
7238
15430
1606
9798
5702
13894
3654
11846
7750
15942
1350
9542
5446
13638
3398
11590
7494
15686
1862
10054
5958
14150
3910
12102
8006
16198
1222
9414
5318
13510
3270
11462
7366
15558
1734
9926
5830
14022
3782
11974
7878
16070
1478
9670
5574
13766
3526
11718
7622
15814
1990
10182
6086
14278
4038
12230
8134
16326
1062
9254
5158
13350
3110
11302
7206
15398
1574
9766
5670
13862
3622
11814
7718
15910
1318
9510
5414
13606
3366
11558
7462
15654
1830
10022
5926
14118
3878
12070
7974
16166
1190
9382
5286
13478
3238
11430
7334
15526
1702
9894
5798
13990
3750
11942
7846
16038
1446
9638
5542
13734
3494
11686
7590
15782
1958
10150
6054
14246
4006
12198
8102
16294
1126
9318
5222
13414
3174
11366
7270
15462
1638
9830
5734
13926
3686
11878
7782
15974
1382
9574
5478
13670
3430
11622
7526
15718
1894
10086
5990
14182
3942
12134
8038
16230
1254
9446
5350
13542
3302
11494
7398
15590
1766
9958
5862
14054
3814
12006
7910
16102
1510
9702
5606
13798
3558
11750
7654
15846
2022
10214
6118
14310
4070
12262
8166
16358
1046
9238
5142
13334
3094
11286
7190
15382
1558
9750
5654
13846
3606
11798
7702
15894
1302
9494
5398
13590
3350
11542
7446
15638
1814
10006
5910
14102
3862
12054
7958
16150
1174
9366
5270
13462
3222
11414
7318
15510
1686
9878
5782
13974
3734
11926
7830
16022
1430
9622
5526
13718
3478
11670
7574
15766
1942
10134
6038
14230
3990
12182
8086
16278
1110
9302
5206
13398
3158
11350
7254
15446
1622
9814
5718
13910
3670
11862
7766
15958
1366
9558
5462
13654
3414
11606
7510
15702
1878
10070
5974
14166
3926
12118
8022
16214
1238
9430
5334
13526
3286
11478
7382
15574
1750
9942
5846
14038
3798
11990
7894
16086
1494
9686
5590
13782
3542
11734
7638
15830
2006
10198
6102
14294
4054
12246
8150
16342
1078
9270
5174
13366
3126
11318
7222
15414
1590
9782
5686
13878
3638
11830
7734
15926
1334
9526
5430
13622
3382
11574
7478
15670
1846
10038
5942
14134
3894
12086
7990
16182
1206
9398
5302
13494
3254
11446
7350
15542
1718
9910
5814
14006
3766
11958
7862
16054
1462
9654
5558
13750
3510
11702
7606
15798
1974
10166
6070
14262
4022
12214
8118
16310
1142
9334
5238
13430
3190
11382
7286
15478
1654
9846
5750
13942
3702
11894
7798
15990
1398
9590
5494
13686
3446
11638
7542
15734
1910
10102
6006
14198
3958
12150
8054
16246
1270
9462
5366
13558
3318
11510
7414
15606
1782
9974
5878
14070
3830
12022
7926
16118
1526
9718
5622
13814
3574
11766
7670
15862
2038
10230
6134
14326
4086
12278
8182
16374
1038
9230
5134
13326
3086
11278
7182
15374
1550
9742
5646
13838
3598
11790
7694
15886
1294
9486
5390
13582
3342
11534
7438
15630
1806
9998
5902
14094
3854
12046
7950
16142
1166
9358
5262
13454
3214
11406
7310
15502
1678
9870
5774
13966
3726
11918
7822
16014
1422
9614
5518
13710
3470
11662
7566
15758
1934
10126
6030
14222
3982
12174
8078
16270
1102
9294
5198
13390
3150
11342
7246
15438
1614
9806
5710
13902
3662
11854
7758
15950
1358
9550
5454
13646
3406
11598
7502
15694
1870
10062
5966
14158
3918
12110
8014
16206
1230
9422
5326
13518
3278
11470
7374
15566
1742
9934
5838
14030
3790
11982
7886
16078
1486
9678
5582
13774
3534
11726
7630
15822
1998
10190
6094
14286
4046
12238
8142
16334
1070
9262
5166
13358
3118
11310
7214
15406
1582
9774
5678
13870
3630
11822
7726
15918
1326
9518
5422
13614
3374
11566
7470
15662
1838
10030
5934
14126
3886
12078
7982
16174
1198
9390
5294
13486
3246
11438
7342
15534
1710
9902
5806
13998
3758
11950
7854
16046
1454
9646
5550
13742
3502
11694
7598
15790
1966
10158
6062
14254
4014
12206
8110
16302
1134
9326
5230
13422
3182
11374
7278
15470
1646
9838
5742
13934
3694
11886
7790
15982
1390
9582
5486
13678
3438
11630
7534
15726
1902
10094
5998
14190
3950
12142
8046
16238
1262
9454
5358
13550
3310
11502
7406
15598
1774
9966
5870
14062
3822
12014
7918
16110
1518
9710
5614
13806
3566
11758
7662
15854
2030
10222
6126
14318
4078
12270
8174
16366
1054
9246
5150
13342
3102
11294
7198
15390
1566
9758
5662
13854
3614
11806
7710
15902
1310
9502
5406
13598
3358
11550
7454
15646
1822
10014
5918
14110
3870
12062
7966
16158
1182
9374
5278
13470
3230
11422
7326
15518
1694
9886
5790
13982
3742
11934
7838
16030
1438
9630
5534
13726
3486
11678
7582
15774
1950
10142
6046
14238
3998
12190
8094
16286
1118
9310
5214
13406
3166
11358
7262
15454
1630
9822
5726
13918
3678
11870
7774
15966
1374
9566
5470
13662
3422
11614
7518
15710
1886
10078
5982
14174
3934
12126
8030
16222
1246
9438
5342
13534
3294
11486
7390
15582
1758
9950
5854
14046
3806
11998
7902
16094
1502
9694
5598
13790
3550
11742
7646
15838
2014
10206
6110
14302
4062
12254
8158
16350
1086
9278
5182
13374
3134
11326
7230
15422
1598
9790
5694
13886
3646
11838
7742
15934
1342
9534
5438
13630
3390
11582
7486
15678
1854
10046
5950
14142
3902
12094
7998
16190
1214
9406
5310
13502
3262
11454
7358
15550
1726
9918
5822
14014
3774
11966
7870
16062
1470
9662
5566
13758
3518
11710
7614
15806
1982
10174
6078
14270
4030
12222
8126
16318
1150
9342
5246
13438
3198
11390
7294
15486
1662
9854
5758
13950
3710
11902
7806
15998
1406
9598
5502
13694
3454
11646
7550
15742
1918
10110
6014
14206
3966
12158
8062
16254
1278
9470
5374
13566
3326
11518
7422
15614
1790
9982
5886
14078
3838
12030
7934
16126
1534
9726
5630
13822
3582
11774
7678
15870
2046
10238
6142
14334
4094
12286
8190
16382
1025
9217
5121
13313
3073
11265
7169
15361
1537
9729
5633
13825
3585
11777
7681
15873
1281
9473
5377
13569
3329
11521
7425
15617
1793
9985
5889
14081
3841
12033
7937
16129
1153
9345
5249
13441
3201
11393
7297
15489
1665
9857
5761
13953
3713
11905
7809
16001
1409
9601
5505
13697
3457
11649
7553
15745
1921
10113
6017
14209
3969
12161
8065
16257
1089
9281
5185
13377
3137
11329
7233
15425
1601
9793
5697
13889
3649
11841
7745
15937
1345
9537
5441
13633
3393
11585
7489
15681
1857
10049
5953
14145
3905
12097
8001
16193
1217
9409
5313
13505
3265
11457
7361
15553
1729
9921
5825
14017
3777
11969
7873
16065
1473
9665
5569
13761
3521
11713
7617
15809
1985
10177
6081
14273
4033
12225
8129
16321
1057
9249
5153
13345
3105
11297
7201
15393
1569
9761
5665
13857
3617
11809
7713
15905
1313
9505
5409
13601
3361
11553
7457
15649
1825
10017
5921
14113
3873
12065
7969
16161
1185
9377
5281
13473
3233
11425
7329
15521
1697
9889
5793
13985
3745
11937
7841
16033
1441
9633
5537
13729
3489
11681
7585
15777
1953
10145
6049
14241
4001
12193
8097
16289
1121
9313
5217
13409
3169
11361
7265
15457
1633
9825
5729
13921
3681
11873
7777
15969
1377
9569
5473
13665
3425
11617
7521
15713
1889
10081
5985
14177
3937
12129
8033
16225
1249
9441
5345
13537
3297
11489
7393
15585
1761
9953
5857
14049
3809
12001
7905
16097
1505
9697
5601
13793
3553
11745
7649
15841
2017
10209
6113
14305
4065
12257
8161
16353
1041
9233
5137
13329
3089
11281
7185
15377
1553
9745
5649
13841
3601
11793
7697
15889
1297
9489
5393
13585
3345
11537
7441
15633
1809
10001
5905
14097
3857
12049
7953
16145
1169
9361
5265
13457
3217
11409
7313
15505
1681
9873
5777
13969
3729
11921
7825
16017
1425
9617
5521
13713
3473
11665
7569
15761
1937
10129
6033
14225
3985
12177
8081
16273
1105
9297
5201
13393
3153
11345
7249
15441
1617
9809
5713
13905
3665
11857
7761
15953
1361
9553
5457
13649
3409
11601
7505
15697
1873
10065
5969
14161
3921
12113
8017
16209
1233
9425
5329
13521
3281
11473
7377
15569
1745
9937
5841
14033
3793
11985
7889
16081
1489
9681
5585
13777
3537
11729
7633
15825
2001
10193
6097
14289
4049
12241
8145
16337
1073
9265
5169
13361
3121
11313
7217
15409
1585
9777
5681
13873
3633
11825
7729
15921
1329
9521
5425
13617
3377
11569
7473
15665
1841
10033
5937
14129
3889
12081
7985
16177
1201
9393
5297
13489
3249
11441
7345
15537
1713
9905
5809
14001
3761
11953
7857
16049
1457
9649
5553
13745
3505
11697
7601
15793
1969
10161
6065
14257
4017
12209
8113
16305
1137
9329
5233
13425
3185
11377
7281
15473
1649
9841
5745
13937
3697
11889
7793
15985
1393
9585
5489
13681
3441
11633
7537
15729
1905
10097
6001
14193
3953
12145
8049
16241
1265
9457
5361
13553
3313
11505
7409
15601
1777
9969
5873
14065
3825
12017
7921
16113
1521
9713
5617
13809
3569
11761
7665
15857
2033
10225
6129
14321
4081
12273
8177
16369
1033
9225
5129
13321
3081
11273
7177
15369
1545
9737
5641
13833
3593
11785
7689
15881
1289
9481
5385
13577
3337
11529
7433
15625
1801
9993
5897
14089
3849
12041
7945
16137
1161
9353
5257
13449
3209
11401
7305
15497
1673
9865
5769
13961
3721
11913
7817
16009
1417
9609
5513
13705
3465
11657
7561
15753
1929
10121
6025
14217
3977
12169
8073
16265
1097
9289
5193
13385
3145
11337
7241
15433
1609
9801
5705
13897
3657
11849
7753
15945
1353
9545
5449
13641
3401
11593
7497
15689
1865
10057
5961
14153
3913
12105
8009
16201
1225
9417
5321
13513
3273
11465
7369
15561
1737
9929
5833
14025
3785
11977
7881
16073
1481
9673
5577
13769
3529
11721
7625
15817
1993
10185
6089
14281
4041
12233
8137
16329
1065
9257
5161
13353
3113
11305
7209
15401
1577
9769
5673
13865
3625
11817
7721
15913
1321
9513
5417
13609
3369
11561
7465
15657
1833
10025
5929
14121
3881
12073
7977
16169
1193
9385
5289
13481
3241
11433
7337
15529
1705
9897
5801
13993
3753
11945
7849
16041
1449
9641
5545
13737
3497
11689
7593
15785
1961
10153
6057
14249
4009
12201
8105
16297
1129
9321
5225
13417
3177
11369
7273
15465
1641
9833
5737
13929
3689
11881
7785
15977
1385
9577
5481
13673
3433
11625
7529
15721
1897
10089
5993
14185
3945
12137
8041
16233
1257
9449
5353
13545
3305
11497
7401
15593
1769
9961
5865
14057
3817
12009
7913
16105
1513
9705
5609
13801
3561
11753
7657
15849
2025
10217
6121
14313
4073
12265
8169
16361
1049
9241
5145
13337
3097
11289
7193
15385
1561
9753
5657
13849
3609
11801
7705
15897
1305
9497
5401
13593
3353
11545
7449
15641
1817
10009
5913
14105
3865
12057
7961
16153
1177
9369
5273
13465
3225
11417
7321
15513
1689
9881
5785
13977
3737
11929
7833
16025
1433
9625
5529
13721
3481
11673
7577
15769
1945
10137
6041
14233
3993
12185
8089
16281
1113
9305
5209
13401
3161
11353
7257
15449
1625
9817
5721
13913
3673
11865
7769
15961
1369
9561
5465
13657
3417
11609
7513
15705
1881
10073
5977
14169
3929
12121
8025
16217
1241
9433
5337
13529
3289
11481
7385
15577
1753
9945
5849
14041
3801
11993
7897
16089
1497
9689
5593
13785
3545
11737
7641
15833
2009
10201
6105
14297
4057
12249
8153
16345
1081
9273
5177
13369
3129
11321
7225
15417
1593
9785
5689
13881
3641
11833
7737
15929
1337
9529
5433
13625
3385
11577
7481
15673
1849
10041
5945
14137
3897
12089
7993
16185
1209
9401
5305
13497
3257
11449
7353
15545
1721
9913
5817
14009
3769
11961
7865
16057
1465
9657
5561
13753
3513
11705
7609
15801
1977
10169
6073
14265
4025
12217
8121
16313
1145
9337
5241
13433
3193
11385
7289
15481
1657
9849
5753
13945
3705
11897
7801
15993
1401
9593
5497
13689
3449
11641
7545
15737
1913
10105
6009
14201
3961
12153
8057
16249
1273
9465
5369
13561
3321
11513
7417
15609
1785
9977
5881
14073
3833
12025
7929
16121
1529
9721
5625
13817
3577
11769
7673
15865
2041
10233
6137
14329
4089
12281
8185
16377
1029
9221
5125
13317
3077
11269
7173
15365
1541
9733
5637
13829
3589
11781
7685
15877
1285
9477
5381
13573
3333
11525
7429
15621
1797
9989
5893
14085
3845
12037
7941
16133
1157
9349
5253
13445
3205
11397
7301
15493
1669
9861
5765
13957
3717
11909
7813
16005
1413
9605
5509
13701
3461
11653
7557
15749
1925
10117
6021
14213
3973
12165
8069
16261
1093
9285
5189
13381
3141
11333
7237
15429
1605
9797
5701
13893
3653
11845
7749
15941
1349
9541
5445
13637
3397
11589
7493
15685
1861
10053
5957
14149
3909
12101
8005
16197
1221
9413
5317
13509
3269
11461
7365
15557
1733
9925
5829
14021
3781
11973
7877
16069
1477
9669
5573
13765
3525
11717
7621
15813
1989
10181
6085
14277
4037
12229
8133
16325
1061
9253
5157
13349
3109
11301
7205
15397
1573
9765
5669
13861
3621
11813
7717
15909
1317
9509
5413
13605
3365
11557
7461
15653
1829
10021
5925
14117
3877
12069
7973
16165
1189
9381
5285
13477
3237
11429
7333
15525
1701
9893
5797
13989
3749
11941
7845
16037
1445
9637
5541
13733
3493
11685
7589
15781
1957
10149
6053
14245
4005
12197
8101
16293
1125
9317
5221
13413
3173
11365
7269
15461
1637
9829
5733
13925
3685
11877
7781
15973
1381
9573
5477
13669
3429
11621
7525
15717
1893
10085
5989
14181
3941
12133
8037
16229
1253
9445
5349
13541
3301
11493
7397
15589
1765
9957
5861
14053
3813
12005
7909
16101
1509
9701
5605
13797
3557
11749
7653
15845
2021
10213
6117
14309
4069
12261
8165
16357
1045
9237
5141
13333
3093
11285
7189
15381
1557
9749
5653
13845
3605
11797
7701
15893
1301
9493
5397
13589
3349
11541
7445
15637
1813
10005
5909
14101
3861
12053
7957
16149
1173
9365
5269
13461
3221
11413
7317
15509
1685
9877
5781
13973
3733
11925
7829
16021
1429
9621
5525
13717
3477
11669
7573
15765
1941
10133
6037
14229
3989
12181
8085
16277
1109
9301
5205
13397
3157
11349
7253
15445
1621
9813
5717
13909
3669
11861
7765
15957
1365
9557
5461
13653
3413
11605
7509
15701
1877
10069
5973
14165
3925
12117
8021
16213
1237
9429
5333
13525
3285
11477
7381
15573
1749
9941
5845
14037
3797
11989
7893
16085
1493
9685
5589
13781
3541
11733
7637
15829
2005
10197
6101
14293
4053
12245
8149
16341
1077
9269
5173
13365
3125
11317
7221
15413
1589
9781
5685
13877
3637
11829
7733
15925
1333
9525
5429
13621
3381
11573
7477
15669
1845
10037
5941
14133
3893
12085
7989
16181
1205
9397
5301
13493
3253
11445
7349
15541
1717
9909
5813
14005
3765
11957
7861
16053
1461
9653
5557
13749
3509
11701
7605
15797
1973
10165
6069
14261
4021
12213
8117
16309
1141
9333
5237
13429
3189
11381
7285
15477
1653
9845
5749
13941
3701
11893
7797
15989
1397
9589
5493
13685
3445
11637
7541
15733
1909
10101
6005
14197
3957
12149
8053
16245
1269
9461
5365
13557
3317
11509
7413
15605
1781
9973
5877
14069
3829
12021
7925
16117
1525
9717
5621
13813
3573
11765
7669
15861
2037
10229
6133
14325
4085
12277
8181
16373
1037
9229
5133
13325
3085
11277
7181
15373
1549
9741
5645
13837
3597
11789
7693
15885
1293
9485
5389
13581
3341
11533
7437
15629
1805
9997
5901
14093
3853
12045
7949
16141
1165
9357
5261
13453
3213
11405
7309
15501
1677
9869
5773
13965
3725
11917
7821
16013
1421
9613
5517
13709
3469
11661
7565
15757
1933
10125
6029
14221
3981
12173
8077
16269
1101
9293
5197
13389
3149
11341
7245
15437
1613
9805
5709
13901
3661
11853
7757
15949
1357
9549
5453
13645
3405
11597
7501
15693
1869
10061
5965
14157
3917
12109
8013
16205
1229
9421
5325
13517
3277
11469
7373
15565
1741
9933
5837
14029
3789
11981
7885
16077
1485
9677
5581
13773
3533
11725
7629
15821
1997
10189
6093
14285
4045
12237
8141
16333
1069
9261
5165
13357
3117
11309
7213
15405
1581
9773
5677
13869
3629
11821
7725
15917
1325
9517
5421
13613
3373
11565
7469
15661
1837
10029
5933
14125
3885
12077
7981
16173
1197
9389
5293
13485
3245
11437
7341
15533
1709
9901
5805
13997
3757
11949
7853
16045
1453
9645
5549
13741
3501
11693
7597
15789
1965
10157
6061
14253
4013
12205
8109
16301
1133
9325
5229
13421
3181
11373
7277
15469
1645
9837
5741
13933
3693
11885
7789
15981
1389
9581
5485
13677
3437
11629
7533
15725
1901
10093
5997
14189
3949
12141
8045
16237
1261
9453
5357
13549
3309
11501
7405
15597
1773
9965
5869
14061
3821
12013
7917
16109
1517
9709
5613
13805
3565
11757
7661
15853
2029
10221
6125
14317
4077
12269
8173
16365
1053
9245
5149
13341
3101
11293
7197
15389
1565
9757
5661
13853
3613
11805
7709
15901
1309
9501
5405
13597
3357
11549
7453
15645
1821
10013
5917
14109
3869
12061
7965
16157
1181
9373
5277
13469
3229
11421
7325
15517
1693
9885
5789
13981
3741
11933
7837
16029
1437
9629
5533
13725
3485
11677
7581
15773
1949
10141
6045
14237
3997
12189
8093
16285
1117
9309
5213
13405
3165
11357
7261
15453
1629
9821
5725
13917
3677
11869
7773
15965
1373
9565
5469
13661
3421
11613
7517
15709
1885
10077
5981
14173
3933
12125
8029
16221
1245
9437
5341
13533
3293
11485
7389
15581
1757
9949
5853
14045
3805
11997
7901
16093
1501
9693
5597
13789
3549
11741
7645
15837
2013
10205
6109
14301
4061
12253
8157
16349
1085
9277
5181
13373
3133
11325
7229
15421
1597
9789
5693
13885
3645
11837
7741
15933
1341
9533
5437
13629
3389
11581
7485
15677
1853
10045
5949
14141
3901
12093
7997
16189
1213
9405
5309
13501
3261
11453
7357
15549
1725
9917
5821
14013
3773
11965
7869
16061
1469
9661
5565
13757
3517
11709
7613
15805
1981
10173
6077
14269
4029
12221
8125
16317
1149
9341
5245
13437
3197
11389
7293
15485
1661
9853
5757
13949
3709
11901
7805
15997
1405
9597
5501
13693
3453
11645
7549
15741
1917
10109
6013
14205
3965
12157
8061
16253
1277
9469
5373
13565
3325
11517
7421
15613
1789
9981
5885
14077
3837
12029
7933
16125
1533
9725
5629
13821
3581
11773
7677
15869
2045
10237
6141
14333
4093
12285
8189
16381
1027
9219
5123
13315
3075
11267
7171
15363
1539
9731
5635
13827
3587
11779
7683
15875
1283
9475
5379
13571
3331
11523
7427
15619
1795
9987
5891
14083
3843
12035
7939
16131
1155
9347
5251
13443
3203
11395
7299
15491
1667
9859
5763
13955
3715
11907
7811
16003
1411
9603
5507
13699
3459
11651
7555
15747
1923
10115
6019
14211
3971
12163
8067
16259
1091
9283
5187
13379
3139
11331
7235
15427
1603
9795
5699
13891
3651
11843
7747
15939
1347
9539
5443
13635
3395
11587
7491
15683
1859
10051
5955
14147
3907
12099
8003
16195
1219
9411
5315
13507
3267
11459
7363
15555
1731
9923
5827
14019
3779
11971
7875
16067
1475
9667
5571
13763
3523
11715
7619
15811
1987
10179
6083
14275
4035
12227
8131
16323
1059
9251
5155
13347
3107
11299
7203
15395
1571
9763
5667
13859
3619
11811
7715
15907
1315
9507
5411
13603
3363
11555
7459
15651
1827
10019
5923
14115
3875
12067
7971
16163
1187
9379
5283
13475
3235
11427
7331
15523
1699
9891
5795
13987
3747
11939
7843
16035
1443
9635
5539
13731
3491
11683
7587
15779
1955
10147
6051
14243
4003
12195
8099
16291
1123
9315
5219
13411
3171
11363
7267
15459
1635
9827
5731
13923
3683
11875
7779
15971
1379
9571
5475
13667
3427
11619
7523
15715
1891
10083
5987
14179
3939
12131
8035
16227
1251
9443
5347
13539
3299
11491
7395
15587
1763
9955
5859
14051
3811
12003
7907
16099
1507
9699
5603
13795
3555
11747
7651
15843
2019
10211
6115
14307
4067
12259
8163
16355
1043
9235
5139
13331
3091
11283
7187
15379
1555
9747
5651
13843
3603
11795
7699
15891
1299
9491
5395
13587
3347
11539
7443
15635
1811
10003
5907
14099
3859
12051
7955
16147
1171
9363
5267
13459
3219
11411
7315
15507
1683
9875
5779
13971
3731
11923
7827
16019
1427
9619
5523
13715
3475
11667
7571
15763
1939
10131
6035
14227
3987
12179
8083
16275
1107
9299
5203
13395
3155
11347
7251
15443
1619
9811
5715
13907
3667
11859
7763
15955
1363
9555
5459
13651
3411
11603
7507
15699
1875
10067
5971
14163
3923
12115
8019
16211
1235
9427
5331
13523
3283
11475
7379
15571
1747
9939
5843
14035
3795
11987
7891
16083
1491
9683
5587
13779
3539
11731
7635
15827
2003
10195
6099
14291
4051
12243
8147
16339
1075
9267
5171
13363
3123
11315
7219
15411
1587
9779
5683
13875
3635
11827
7731
15923
1331
9523
5427
13619
3379
11571
7475
15667
1843
10035
5939
14131
3891
12083
7987
16179
1203
9395
5299
13491
3251
11443
7347
15539
1715
9907
5811
14003
3763
11955
7859
16051
1459
9651
5555
13747
3507
11699
7603
15795
1971
10163
6067
14259
4019
12211
8115
16307
1139
9331
5235
13427
3187
11379
7283
15475
1651
9843
5747
13939
3699
11891
7795
15987
1395
9587
5491
13683
3443
11635
7539
15731
1907
10099
6003
14195
3955
12147
8051
16243
1267
9459
5363
13555
3315
11507
7411
15603
1779
9971
5875
14067
3827
12019
7923
16115
1523
9715
5619
13811
3571
11763
7667
15859
2035
10227
6131
14323
4083
12275
8179
16371
1035
9227
5131
13323
3083
11275
7179
15371
1547
9739
5643
13835
3595
11787
7691
15883
1291
9483
5387
13579
3339
11531
7435
15627
1803
9995
5899
14091
3851
12043
7947
16139
1163
9355
5259
13451
3211
11403
7307
15499
1675
9867
5771
13963
3723
11915
7819
16011
1419
9611
5515
13707
3467
11659
7563
15755
1931
10123
6027
14219
3979
12171
8075
16267
1099
9291
5195
13387
3147
11339
7243
15435
1611
9803
5707
13899
3659
11851
7755
15947
1355
9547
5451
13643
3403
11595
7499
15691
1867
10059
5963
14155
3915
12107
8011
16203
1227
9419
5323
13515
3275
11467
7371
15563
1739
9931
5835
14027
3787
11979
7883
16075
1483
9675
5579
13771
3531
11723
7627
15819
1995
10187
6091
14283
4043
12235
8139
16331
1067
9259
5163
13355
3115
11307
7211
15403
1579
9771
5675
13867
3627
11819
7723
15915
1323
9515
5419
13611
3371
11563
7467
15659
1835
10027
5931
14123
3883
12075
7979
16171
1195
9387
5291
13483
3243
11435
7339
15531
1707
9899
5803
13995
3755
11947
7851
16043
1451
9643
5547
13739
3499
11691
7595
15787
1963
10155
6059
14251
4011
12203
8107
16299
1131
9323
5227
13419
3179
11371
7275
15467
1643
9835
5739
13931
3691
11883
7787
15979
1387
9579
5483
13675
3435
11627
7531
15723
1899
10091
5995
14187
3947
12139
8043
16235
1259
9451
5355
13547
3307
11499
7403
15595
1771
9963
5867
14059
3819
12011
7915
16107
1515
9707
5611
13803
3563
11755
7659
15851
2027
10219
6123
14315
4075
12267
8171
16363
1051
9243
5147
13339
3099
11291
7195
15387
1563
9755
5659
13851
3611
11803
7707
15899
1307
9499
5403
13595
3355
11547
7451
15643
1819
10011
5915
14107
3867
12059
7963
16155
1179
9371
5275
13467
3227
11419
7323
15515
1691
9883
5787
13979
3739
11931
7835
16027
1435
9627
5531
13723
3483
11675
7579
15771
1947
10139
6043
14235
3995
12187
8091
16283
1115
9307
5211
13403
3163
11355
7259
15451
1627
9819
5723
13915
3675
11867
7771
15963
1371
9563
5467
13659
3419
11611
7515
15707
1883
10075
5979
14171
3931
12123
8027
16219
1243
9435
5339
13531
3291
11483
7387
15579
1755
9947
5851
14043
3803
11995
7899
16091
1499
9691
5595
13787
3547
11739
7643
15835
2011
10203
6107
14299
4059
12251
8155
16347
1083
9275
5179
13371
3131
11323
7227
15419
1595
9787
5691
13883
3643
11835
7739
15931
1339
9531
5435
13627
3387
11579
7483
15675
1851
10043
5947
14139
3899
12091
7995
16187
1211
9403
5307
13499
3259
11451
7355
15547
1723
9915
5819
14011
3771
11963
7867
16059
1467
9659
5563
13755
3515
11707
7611
15803
1979
10171
6075
14267
4027
12219
8123
16315
1147
9339
5243
13435
3195
11387
7291
15483
1659
9851
5755
13947
3707
11899
7803
15995
1403
9595
5499
13691
3451
11643
7547
15739
1915
10107
6011
14203
3963
12155
8059
16251
1275
9467
5371
13563
3323
11515
7419
15611
1787
9979
5883
14075
3835
12027
7931
16123
1531
9723
5627
13819
3579
11771
7675
15867
2043
10235
6139
14331
4091
12283
8187
16379
1031
9223
5127
13319
3079
11271
7175
15367
1543
9735
5639
13831
3591
11783
7687
15879
1287
9479
5383
13575
3335
11527
7431
15623
1799
9991
5895
14087
3847
12039
7943
16135
1159
9351
5255
13447
3207
11399
7303
15495
1671
9863
5767
13959
3719
11911
7815
16007
1415
9607
5511
13703
3463
11655
7559
15751
1927
10119
6023
14215
3975
12167
8071
16263
1095
9287
5191
13383
3143
11335
7239
15431
1607
9799
5703
13895
3655
11847
7751
15943
1351
9543
5447
13639
3399
11591
7495
15687
1863
10055
5959
14151
3911
12103
8007
16199
1223
9415
5319
13511
3271
11463
7367
15559
1735
9927
5831
14023
3783
11975
7879
16071
1479
9671
5575
13767
3527
11719
7623
15815
1991
10183
6087
14279
4039
12231
8135
16327
1063
9255
5159
13351
3111
11303
7207
15399
1575
9767
5671
13863
3623
11815
7719
15911
1319
9511
5415
13607
3367
11559
7463
15655
1831
10023
5927
14119
3879
12071
7975
16167
1191
9383
5287
13479
3239
11431
7335
15527
1703
9895
5799
13991
3751
11943
7847
16039
1447
9639
5543
13735
3495
11687
7591
15783
1959
10151
6055
14247
4007
12199
8103
16295
1127
9319
5223
13415
3175
11367
7271
15463
1639
9831
5735
13927
3687
11879
7783
15975
1383
9575
5479
13671
3431
11623
7527
15719
1895
10087
5991
14183
3943
12135
8039
16231
1255
9447
5351
13543
3303
11495
7399
15591
1767
9959
5863
14055
3815
12007
7911
16103
1511
9703
5607
13799
3559
11751
7655
15847
2023
10215
6119
14311
4071
12263
8167
16359
1047
9239
5143
13335
3095
11287
7191
15383
1559
9751
5655
13847
3607
11799
7703
15895
1303
9495
5399
13591
3351
11543
7447
15639
1815
10007
5911
14103
3863
12055
7959
16151
1175
9367
5271
13463
3223
11415
7319
15511
1687
9879
5783
13975
3735
11927
7831
16023
1431
9623
5527
13719
3479
11671
7575
15767
1943
10135
6039
14231
3991
12183
8087
16279
1111
9303
5207
13399
3159
11351
7255
15447
1623
9815
5719
13911
3671
11863
7767
15959
1367
9559
5463
13655
3415
11607
7511
15703
1879
10071
5975
14167
3927
12119
8023
16215
1239
9431
5335
13527
3287
11479
7383
15575
1751
9943
5847
14039
3799
11991
7895
16087
1495
9687
5591
13783
3543
11735
7639
15831
2007
10199
6103
14295
4055
12247
8151
16343
1079
9271
5175
13367
3127
11319
7223
15415
1591
9783
5687
13879
3639
11831
7735
15927
1335
9527
5431
13623
3383
11575
7479
15671
1847
10039
5943
14135
3895
12087
7991
16183
1207
9399
5303
13495
3255
11447
7351
15543
1719
9911
5815
14007
3767
11959
7863
16055
1463
9655
5559
13751
3511
11703
7607
15799
1975
10167
6071
14263
4023
12215
8119
16311
1143
9335
5239
13431
3191
11383
7287
15479
1655
9847
5751
13943
3703
11895
7799
15991
1399
9591
5495
13687
3447
11639
7543
15735
1911
10103
6007
14199
3959
12151
8055
16247
1271
9463
5367
13559
3319
11511
7415
15607
1783
9975
5879
14071
3831
12023
7927
16119
1527
9719
5623
13815
3575
11767
7671
15863
2039
10231
6135
14327
4087
12279
8183
16375
1039
9231
5135
13327
3087
11279
7183
15375
1551
9743
5647
13839
3599
11791
7695
15887
1295
9487
5391
13583
3343
11535
7439
15631
1807
9999
5903
14095
3855
12047
7951
16143
1167
9359
5263
13455
3215
11407
7311
15503
1679
9871
5775
13967
3727
11919
7823
16015
1423
9615
5519
13711
3471
11663
7567
15759
1935
10127
6031
14223
3983
12175
8079
16271
1103
9295
5199
13391
3151
11343
7247
15439
1615
9807
5711
13903
3663
11855
7759
15951
1359
9551
5455
13647
3407
11599
7503
15695
1871
10063
5967
14159
3919
12111
8015
16207
1231
9423
5327
13519
3279
11471
7375
15567
1743
9935
5839
14031
3791
11983
7887
16079
1487
9679
5583
13775
3535
11727
7631
15823
1999
10191
6095
14287
4047
12239
8143
16335
1071
9263
5167
13359
3119
11311
7215
15407
1583
9775
5679
13871
3631
11823
7727
15919
1327
9519
5423
13615
3375
11567
7471
15663
1839
10031
5935
14127
3887
12079
7983
16175
1199
9391
5295
13487
3247
11439
7343
15535
1711
9903
5807
13999
3759
11951
7855
16047
1455
9647
5551
13743
3503
11695
7599
15791
1967
10159
6063
14255
4015
12207
8111
16303
1135
9327
5231
13423
3183
11375
7279
15471
1647
9839
5743
13935
3695
11887
7791
15983
1391
9583
5487
13679
3439
11631
7535
15727
1903
10095
5999
14191
3951
12143
8047
16239
1263
9455
5359
13551
3311
11503
7407
15599
1775
9967
5871
14063
3823
12015
7919
16111
1519
9711
5615
13807
3567
11759
7663
15855
2031
10223
6127
14319
4079
12271
8175
16367
1055
9247
5151
13343
3103
11295
7199
15391
1567
9759
5663
13855
3615
11807
7711
15903
1311
9503
5407
13599
3359
11551
7455
15647
1823
10015
5919
14111
3871
12063
7967
16159
1183
9375
5279
13471
3231
11423
7327
15519
1695
9887
5791
13983
3743
11935
7839
16031
1439
9631
5535
13727
3487
11679
7583
15775
1951
10143
6047
14239
3999
12191
8095
16287
1119
9311
5215
13407
3167
11359
7263
15455
1631
9823
5727
13919
3679
11871
7775
15967
1375
9567
5471
13663
3423
11615
7519
15711
1887
10079
5983
14175
3935
12127
8031
16223
1247
9439
5343
13535
3295
11487
7391
15583
1759
9951
5855
14047
3807
11999
7903
16095
1503
9695
5599
13791
3551
11743
7647
15839
2015
10207
6111
14303
4063
12255
8159
16351
1087
9279
5183
13375
3135
11327
7231
15423
1599
9791
5695
13887
3647
11839
7743
15935
1343
9535
5439
13631
3391
11583
7487
15679
1855
10047
5951
14143
3903
12095
7999
16191
1215
9407
5311
13503
3263
11455
7359
15551
1727
9919
5823
14015
3775
11967
7871
16063
1471
9663
5567
13759
3519
11711
7615
15807
1983
10175
6079
14271
4031
12223
8127
16319
1151
9343
5247
13439
3199
11391
7295
15487
1663
9855
5759
13951
3711
11903
7807
15999
1407
9599
5503
13695
3455
11647
7551
15743
1919
10111
6015
14207
3967
12159
8063
16255
1279
9471
5375
13567
3327
11519
7423
15615
1791
9983
5887
14079
3839
12031
7935
16127
1535
9727
5631
13823
3583
11775
7679
15871
2047
10239
6143
14335
4095
12287
8191
16383
