9216
1024
13312
5120
11264
3072
15360
7168
9728
1536
13824
5632
11776
3584
15872
7680
9472
1280
13568
5376
11520
3328
15616
7424
9984
1792
14080
5888
12032
3840
16128
7936
9344
1152
13440
5248
11392
3200
15488
7296
9856
1664
13952
5760
11904
3712
16000
7808
9600
1408
13696
5504
11648
3456
15744
7552
10112
1920
14208
6016
12160
3968
16256
8064
9280
1088
13376
5184
11328
3136
15424
7232
9792
1600
13888
5696
11840
3648
15936
7744
9536
1344
13632
5440
11584
3392
15680
7488
10048
1856
14144
5952
12096
3904
16192
8000
9408
1216
13504
5312
11456
3264
15552
7360
9920
1728
14016
5824
11968
3776
16064
7872
9664
1472
13760
5568
11712
3520
15808
7616
10176
1984
14272
6080
12224
4032
16320
8128
9248
1056
13344
5152
11296
3104
15392
7200
9760
1568
13856
5664
11808
3616
15904
7712
9504
1312
13600
5408
11552
3360
15648
7456
10016
1824
14112
5920
12064
3872
16160
7968
9376
1184
13472
5280
11424
3232
15520
7328
9888
1696
13984
5792
11936
3744
16032
7840
9632
1440
13728
5536
11680
3488
15776
7584
10144
1952
14240
6048
12192
4000
16288
8096
9312
1120
13408
5216
11360
3168
15456
7264
9824
1632
13920
5728
11872
3680
15968
7776
9568
1376
13664
5472
11616
3424
15712
7520
10080
1888
14176
5984
12128
3936
16224
8032
9440
1248
13536
5344
11488
3296
15584
7392
9952
1760
14048
5856
12000
3808
16096
7904
9696
1504
13792
5600
11744
3552
15840
7648
10208
2016
14304
6112
12256
4064
16352
8160
9232
1040
13328
5136
11280
3088
15376
7184
9744
1552
13840
5648
11792
3600
15888
7696
9488
1296
13584
5392
11536
3344
15632
7440
10000
1808
14096
5904
12048
3856
16144
7952
9360
1168
13456
5264
11408
3216
15504
7312
9872
1680
13968
5776
11920
3728
16016
7824
9616
1424
13712
5520
11664
3472
15760
7568
10128
1936
14224
6032
12176
3984
16272
8080
9296
1104
13392
5200
11344
3152
15440
7248
9808
1616
13904
5712
11856
3664
15952
7760
9552
1360
13648
5456
11600
3408
15696
7504
10064
1872
14160
5968
12112
3920
16208
8016
9424
1232
13520
5328
11472
3280
15568
7376
9936
1744
14032
5840
11984
3792
16080
7888
9680
1488
13776
5584
11728
3536
15824
7632
10192
2000
14288
6096
12240
4048
16336
8144
9264
1072
13360
5168
11312
3120
15408
7216
9776
1584
13872
5680
11824
3632
15920
7728
9520
1328
13616
5424
11568
3376
15664
7472
10032
1840
14128
5936
12080
3888
16176
7984
9392
1200
13488
5296
11440
3248
15536
7344
9904
1712
14000
5808
11952
3760
16048
7856
9648
1456
13744
5552
11696
3504
15792
7600
10160
1968
14256
6064
12208
4016
16304
8112
9328
1136
13424
5232
11376
3184
15472
7280
9840
1648
13936
5744
11888
3696
15984
7792
9584
1392
13680
5488
11632
3440
15728
7536
10096
1904
14192
6000
12144
3952
16240
8048
9456
1264
13552
5360
11504
3312
15600
7408
9968
1776
14064
5872
12016
3824
16112
7920
9712
1520
13808
5616
11760
3568
15856
7664
10224
2032
14320
6128
12272
4080
16368
8176
9224
1032
13320
5128
11272
3080
15368
7176
9736
1544
13832
5640
11784
3592
15880
7688
9480
1288
13576
5384
11528
3336
15624
7432
9992
1800
14088
5896
12040
3848
16136
7944
9352
1160
13448
5256
11400
3208
15496
7304
9864
1672
13960
5768
11912
3720
16008
7816
9608
1416
13704
5512
11656
3464
15752
7560
10120
1928
14216
6024
12168
3976
16264
8072
9288
1096
13384
5192
11336
3144
15432
7240
9800
1608
13896
5704
11848
3656
15944
7752
9544
1352
13640
5448
11592
3400
15688
7496
10056
1864
14152
5960
12104
3912
16200
8008
9416
1224
13512
5320
11464
3272
15560
7368
9928
1736
14024
5832
11976
3784
16072
7880
9672
1480
13768
5576
11720
3528
15816
7624
10184
1992
14280
6088
12232
4040
16328
8136
9256
1064
13352
5160
11304
3112
15400
7208
9768
1576
13864
5672
11816
3624
15912
7720
9512
1320
13608
5416
11560
3368
15656
7464
10024
1832
14120
5928
12072
3880
16168
7976
9384
1192
13480
5288
11432
3240
15528
7336
9896
1704
13992
5800
11944
3752
16040
7848
9640
1448
13736
5544
11688
3496
15784
7592
10152
1960
14248
6056
12200
4008
16296
8104
9320
1128
13416
5224
11368
3176
15464
7272
9832
1640
13928
5736
11880
3688
15976
7784
9576
1384
13672
5480
11624
3432
15720
7528
10088
1896
14184
5992
12136
3944
16232
8040
9448
1256
13544
5352
11496
3304
15592
7400
9960
1768
14056
5864
12008
3816
16104
7912
9704
1512
13800
5608
11752
3560
15848
7656
10216
2024
14312
6120
12264
4072
16360
8168
9240
1048
13336
5144
11288
3096
15384
7192
9752
1560
13848
5656
11800
3608
15896
7704
9496
1304
13592
5400
11544
3352
15640
7448
10008
1816
14104
5912
12056
3864
16152
7960
9368
1176
13464
5272
11416
3224
15512
7320
9880
1688
13976
5784
11928
3736
16024
7832
9624
1432
13720
5528
11672
3480
15768
7576
10136
1944
14232
6040
12184
3992
16280
8088
9304
1112
13400
5208
11352
3160
15448
7256
9816
1624
13912
5720
11864
3672
15960
7768
9560
1368
13656
5464
11608
3416
15704
7512
10072
1880
14168
5976
12120
3928
16216
8024
9432
1240
13528
5336
11480
3288
15576
7384
9944
1752
14040
5848
11992
3800
16088
7896
9688
1496
13784
5592
11736
3544
15832
7640
10200
2008
14296
6104
12248
4056
16344
8152
9272
1080
13368
5176
11320
3128
15416
7224
9784
1592
13880
5688
11832
3640
15928
7736
9528
1336
13624
5432
11576
3384
15672
7480
10040
1848
14136
5944
12088
3896
16184
7992
9400
1208
13496
5304
11448
3256
15544
7352
9912
1720
14008
5816
11960
3768
16056
7864
9656
1464
13752
5560
11704
3512
15800
7608
10168
1976
14264
6072
12216
4024
16312
8120
9336
1144
13432
5240
11384
3192
15480
7288
9848
1656
13944
5752
11896
3704
15992
7800
9592
1400
13688
5496
11640
3448
15736
7544
10104
1912
14200
6008
12152
3960
16248
8056
9464
1272
13560
5368
11512
3320
15608
7416
9976
1784
14072
5880
12024
3832
16120
7928
9720
1528
13816
5624
11768
3576
15864
7672
10232
2040
14328
6136
12280
4088
16376
8184
9220
1028
13316
5124
11268
3076
15364
7172
9732
1540
13828
5636
11780
3588
15876
7684
9476
1284
13572
5380
11524
3332
15620
7428
9988
1796
14084
5892
12036
3844
16132
7940
9348
1156
13444
5252
11396
3204
15492
7300
9860
1668
13956
5764
11908
3716
16004
7812
9604
1412
13700
5508
11652
3460
15748
7556
10116
1924
14212
6020
12164
3972
16260
8068
9284
1092
13380
5188
11332
3140
15428
7236
9796
1604
13892
5700
11844
3652
15940
7748
9540
1348
13636
5444
11588
3396
15684
7492
10052
1860
14148
5956
12100
3908
16196
8004
9412
1220
13508
5316
11460
3268
15556
7364
9924
1732
14020
5828
11972
3780
16068
7876
9668
1476
13764
5572
11716
3524
15812
7620
10180
1988
14276
6084
12228
4036
16324
8132
9252
1060
13348
5156
11300
3108
15396
7204
9764
1572
13860
5668
11812
3620
15908
7716
9508
1316
13604
5412
11556
3364
15652
7460
10020
1828
14116
5924
12068
3876
16164
7972
9380
1188
13476
5284
11428
3236
15524
7332
9892
1700
13988
5796
11940
3748
16036
7844
9636
1444
13732
5540
11684
3492
15780
7588
10148
1956
14244
6052
12196
4004
16292
8100
9316
1124
13412
5220
11364
3172
15460
7268
9828
1636
13924
5732
11876
3684
15972
7780
9572
1380
13668
5476
11620
3428
15716
7524
10084
1892
14180
5988
12132
3940
16228
8036
9444
1252
13540
5348
11492
3300
15588
7396
9956
1764
14052
5860
12004
3812
16100
7908
9700
1508
13796
5604
11748
3556
15844
7652
10212
2020
14308
6116
12260
4068
16356
8164
9236
1044
13332
5140
11284
3092
15380
7188
9748
1556
13844
5652
11796
3604
15892
7700
9492
1300
13588
5396
11540
3348
15636
7444
10004
1812
14100
5908
12052
3860
16148
7956
9364
1172
13460
5268
11412
3220
15508
7316
9876
1684
13972
5780
11924
3732
16020
7828
9620
1428
13716
5524
11668
3476
15764
7572
10132
1940
14228
6036
12180
3988
16276
8084
9300
1108
13396
5204
11348
3156
15444
7252
9812
1620
13908
5716
11860
3668
15956
7764
9556
1364
13652
5460
11604
3412
15700
7508
10068
1876
14164
5972
12116
3924
16212
8020
9428
1236
13524
5332
11476
3284
15572
7380
9940
1748
14036
5844
11988
3796
16084
7892
9684
1492
13780
5588
11732
3540
15828
7636
10196
2004
14292
6100
12244
4052
16340
8148
9268
1076
13364
5172
11316
3124
15412
7220
9780
1588
13876
5684
11828
3636
15924
7732
9524
1332
13620
5428
11572
3380
15668
7476
10036
1844
14132
5940
12084
3892
16180
7988
9396
1204
13492
5300
11444
3252
15540
7348
9908
1716
14004
5812
11956
3764
16052
7860
9652
1460
13748
5556
11700
3508
15796
7604
10164
1972
14260
6068
12212
4020
16308
8116
9332
1140
13428
5236
11380
3188
15476
7284
9844
1652
13940
5748
11892
3700
15988
7796
9588
1396
13684
5492
11636
3444
15732
7540
10100
1908
14196
6004
12148
3956
16244
8052
9460
1268
13556
5364
11508
3316
15604
7412
9972
1780
14068
5876
12020
3828
16116
7924
9716
1524
13812
5620
11764
3572
15860
7668
10228
2036
14324
6132
12276
4084
16372
8180
9228
1036
13324
5132
11276
3084
15372
7180
9740
1548
13836
5644
11788
3596
15884
7692
9484
1292
13580
5388
11532
3340
15628
7436
9996
1804
14092
5900
12044
3852
16140
7948
9356
1164
13452
5260
11404
3212
15500
7308
9868
1676
13964
5772
11916
3724
16012
7820
9612
1420
13708
5516
11660
3468
15756
7564
10124
1932
14220
6028
12172
3980
16268
8076
9292
1100
13388
5196
11340
3148
15436
7244
9804
1612
13900
5708
11852
3660
15948
7756
9548
1356
13644
5452
11596
3404
15692
7500
10060
1868
14156
5964
12108
3916
16204
8012
9420
1228
13516
5324
11468
3276
15564
7372
9932
1740
14028
5836
11980
3788
16076
7884
9676
1484
13772
5580
11724
3532
15820
7628
10188
1996
14284
6092
12236
4044
16332
8140
9260
1068
13356
5164
11308
3116
15404
7212
9772
1580
13868
5676
11820
3628
15916
7724
9516
1324
13612
5420
11564
3372
15660
7468
10028
1836
14124
5932
12076
3884
16172
7980
9388
1196
13484
5292
11436
3244
15532
7340
9900
1708
13996
5804
11948
3756
16044
7852
9644
1452
13740
5548
11692
3500
15788
7596
10156
1964
14252
6060
12204
4012
16300
8108
9324
1132
13420
5228
11372
3180
15468
7276
9836
1644
13932
5740
11884
3692
15980
7788
9580
1388
13676
5484
11628
3436
15724
7532
10092
1900
14188
5996
12140
3948
16236
8044
9452
1260
13548
5356
11500
3308
15596
7404
9964
1772
14060
5868
12012
3820
16108
7916
9708
1516
13804
5612
11756
3564
15852
7660
10220
2028
14316
6124
12268
4076
16364
8172
9244
1052
13340
5148
11292
3100
15388
7196
9756
1564
13852
5660
11804
3612
15900
7708
9500
1308
13596
5404
11548
3356
15644
7452
10012
1820
14108
5916
12060
3868
16156
7964
9372
1180
13468
5276
11420
3228
15516
7324
9884
1692
13980
5788
11932
3740
16028
7836
9628
1436
13724
5532
11676
3484
15772
7580
10140
1948
14236
6044
12188
3996
16284
8092
9308
1116
13404
5212
11356
3164
15452
7260
9820
1628
13916
5724
11868
3676
15964
7772
9564
1372
13660
5468
11612
3420
15708
7516
10076
1884
14172
5980
12124
3932
16220
8028
9436
1244
13532
5340
11484
3292
15580
7388
9948
1756
14044
5852
11996
3804
16092
7900
9692
1500
13788
5596
11740
3548
15836
7644
10204
2012
14300
6108
12252
4060
16348
8156
9276
1084
13372
5180
11324
3132
15420
7228
9788
1596
13884
5692
11836
3644
15932
7740
9532
1340
13628
5436
11580
3388
15676
7484
10044
1852
14140
5948
12092
3900
16188
7996
9404
1212
13500
5308
11452
3260
15548
7356
9916
1724
14012
5820
11964
3772
16060
7868
9660
1468
13756
5564
11708
3516
15804
7612
10172
1980
14268
6076
12220
4028
16316
8124
9340
1148
13436
5244
11388
3196
15484
7292
9852
1660
13948
5756
11900
3708
15996
7804
9596
1404
13692
5500
11644
3452
15740
7548
10108
1916
14204
6012
12156
3964
16252
8060
9468
1276
13564
5372
11516
3324
15612
7420
9980
1788
14076
5884
12028
3836
16124
7932
9724
1532
13820
5628
11772
3580
15868
7676
10236
2044
14332
6140
12284
4092
16380
8188
9218
1026
13314
5122
11266
3074
15362
7170
9730
1538
13826
5634
11778
3586
15874
7682
9474
1282
13570
5378
11522
3330
15618
7426
9986
1794
14082
5890
12034
3842
16130
7938
9346
1154
13442
5250
11394
3202
15490
7298
9858
1666
13954
5762
11906
3714
16002
7810
9602
1410
13698
5506
11650
3458
15746
7554
10114
1922
14210
6018
12162
3970
16258
8066
9282
1090
13378
5186
11330
3138
15426
7234
9794
1602
13890
5698
11842
3650
15938
7746
9538
1346
13634
5442
11586
3394
15682
7490
10050
1858
14146
5954
12098
3906
16194
8002
9410
1218
13506
5314
11458
3266
15554
7362
9922
1730
14018
5826
11970
3778
16066
7874
9666
1474
13762
5570
11714
3522
15810
7618
10178
1986
14274
6082
12226
4034
16322
8130
9250
1058
13346
5154
11298
3106
15394
7202
9762
1570
13858
5666
11810
3618
15906
7714
9506
1314
13602
5410
11554
3362
15650
7458
10018
1826
14114
5922
12066
3874
16162
7970
9378
1186
13474
5282
11426
3234
15522
7330
9890
1698
13986
5794
11938
3746
16034
7842
9634
1442
13730
5538
11682
3490
15778
7586
10146
1954
14242
6050
12194
4002
16290
8098
9314
1122
13410
5218
11362
3170
15458
7266
9826
1634
13922
5730
11874
3682
15970
7778
9570
1378
13666
5474
11618
3426
15714
7522
10082
1890
14178
5986
12130
3938
16226
8034
9442
1250
13538
5346
11490
3298
15586
7394
9954
1762
14050
5858
12002
3810
16098
7906
9698
1506
13794
5602
11746
3554
15842
7650
10210
2018
14306
6114
12258
4066
16354
8162
9234
1042
13330
5138
11282
3090
15378
7186
9746
1554
13842
5650
11794
3602
15890
7698
9490
1298
13586
5394
11538
3346
15634
7442
10002
1810
14098
5906
12050
3858
16146
7954
9362
1170
13458
5266
11410
3218
15506
7314
9874
1682
13970
5778
11922
3730
16018
7826
9618
1426
13714
5522
11666
3474
15762
7570
10130
1938
14226
6034
12178
3986
16274
8082
9298
1106
13394
5202
11346
3154
15442
7250
9810
1618
13906
5714
11858
3666
15954
7762
9554
1362
13650
5458
11602
3410
15698
7506
10066
1874
14162
5970
12114
3922
16210
8018
9426
1234
13522
5330
11474
3282
15570
7378
9938
1746
14034
5842
11986
3794
16082
7890
9682
1490
13778
5586
11730
3538
15826
7634
10194
2002
14290
6098
12242
4050
16338
8146
9266
1074
13362
5170
11314
3122
15410
7218
9778
1586
13874
5682
11826
3634
15922
7730
9522
1330
13618
5426
11570
3378
15666
7474
10034
1842
14130
5938
12082
3890
16178
7986
9394
1202
13490
5298
11442
3250
15538
7346
9906
1714
14002
5810
11954
3762
16050
7858
9650
1458
13746
5554
11698
3506
15794
7602
10162
1970
14258
6066
12210
4018
16306
8114
9330
1138
13426
5234
11378
3186
15474
7282
9842
1650
13938
5746
11890
3698
15986
7794
9586
1394
13682
5490
11634
3442
15730
7538
10098
1906
14194
6002
12146
3954
16242
8050
9458
1266
13554
5362
11506
3314
15602
7410
9970
1778
14066
5874
12018
3826
16114
7922
9714
1522
13810
5618
11762
3570
15858
7666
10226
2034
14322
6130
12274
4082
16370
8178
9226
1034
13322
5130
11274
3082
15370
7178
9738
1546
13834
5642
11786
3594
15882
7690
9482
1290
13578
5386
11530
3338
15626
7434
9994
1802
14090
5898
12042
3850
16138
7946
9354
1162
13450
5258
11402
3210
15498
7306
9866
1674
13962
5770
11914
3722
16010
7818
9610
1418
13706
5514
11658
3466
15754
7562
10122
1930
14218
6026
12170
3978
16266
8074
9290
1098
13386
5194
11338
3146
15434
7242
9802
1610
13898
5706
11850
3658
15946
7754
9546
1354
13642
5450
11594
3402
15690
7498
10058
1866
14154
5962
12106
3914
16202
8010
9418
1226
13514
5322
11466
3274
15562
7370
9930
1738
14026
5834
11978
3786
16074
7882
9674
1482
13770
5578
11722
3530
15818
7626
10186
1994
14282
6090
12234
4042
16330
8138
9258
1066
13354
5162
11306
3114
15402
7210
9770
1578
13866
5674
11818
3626
15914
7722
9514
1322
13610
5418
11562
3370
15658
7466
10026
1834
14122
5930
12074
3882
16170
7978
9386
1194
13482
5290
11434
3242
15530
7338
9898
1706
13994
5802
11946
3754
16042
7850
9642
1450
13738
5546
11690
3498
15786
7594
10154
1962
14250
6058
12202
4010
16298
8106
9322
1130
13418
5226
11370
3178
15466
7274
9834
1642
13930
5738
11882
3690
15978
7786
9578
1386
13674
5482
11626
3434
15722
7530
10090
1898
14186
5994
12138
3946
16234
8042
9450
1258
13546
5354
11498
3306
15594
7402
9962
1770
14058
5866
12010
3818
16106
7914
9706
1514
13802
5610
11754
3562
15850
7658
10218
2026
14314
6122
12266
4074
16362
8170
9242
1050
13338
5146
11290
3098
15386
7194
9754
1562
13850
5658
11802
3610
15898
7706
9498
1306
13594
5402
11546
3354
15642
7450
10010
1818
14106
5914
12058
3866
16154
7962
9370
1178
13466
5274
11418
3226
15514
7322
9882
1690
13978
5786
11930
3738
16026
7834
9626
1434
13722
5530
11674
3482
15770
7578
10138
1946
14234
6042
12186
3994
16282
8090
9306
1114
13402
5210
11354
3162
15450
7258
9818
1626
13914
5722
11866
3674
15962
7770
9562
1370
13658
5466
11610
3418
15706
7514
10074
1882
14170
5978
12122
3930
16218
8026
9434
1242
13530
5338
11482
3290
15578
7386
9946
1754
14042
5850
11994
3802
16090
7898
9690
1498
13786
5594
11738
3546
15834
7642
10202
2010
14298
6106
12250
4058
16346
8154
9274
1082
13370
5178
11322
3130
15418
7226
9786
1594
13882
5690
11834
3642
15930
7738
9530
1338
13626
5434
11578
3386
15674
7482
10042
1850
14138
5946
12090
3898
16186
7994
9402
1210
13498
5306
11450
3258
15546
7354
9914
1722
14010
5818
11962
3770
16058
7866
9658
1466
13754
5562
11706
3514
15802
7610
10170
1978
14266
6074
12218
4026
16314
8122
9338
1146
13434
5242
11386
3194
15482
7290
9850
1658
13946
5754
11898
3706
15994
7802
9594
1402
13690
5498
11642
3450
15738
7546
10106
1914
14202
6010
12154
3962
16250
8058
9466
1274
13562
5370
11514
3322
15610
7418
9978
1786
14074
5882
12026
3834
16122
7930
9722
1530
13818
5626
11770
3578
15866
7674
10234
2042
14330
6138
12282
4090
16378
8186
9222
1030
13318
5126
11270
3078
15366
7174
9734
1542
13830
5638
11782
3590
15878
7686
9478
1286
13574
5382
11526
3334
15622
7430
9990
1798
14086
5894
12038
3846
16134
7942
9350
1158
13446
5254
11398
3206
15494
7302
9862
1670
13958
5766
11910
3718
16006
7814
9606
1414
13702
5510
11654
3462
15750
7558
10118
1926
14214
6022
12166
3974
16262
8070
9286
1094
13382
5190
11334
3142
15430
7238
9798
1606
13894
5702
11846
3654
15942
7750
9542
1350
13638
5446
11590
3398
15686
7494
10054
1862
14150
5958
12102
3910
16198
8006
9414
1222
13510
5318
11462
3270
15558
7366
9926
1734
14022
5830
11974
3782
16070
7878
9670
1478
13766
5574
11718
3526
15814
7622
10182
1990
14278
6086
12230
4038
16326
8134
9254
1062
13350
5158
11302
3110
15398
7206
9766
1574
13862
5670
11814
3622
15910
7718
9510
1318
13606
5414
11558
3366
15654
7462
10022
1830
14118
5926
12070
3878
16166
7974
9382
1190
13478
5286
11430
3238
15526
7334
9894
1702
13990
5798
11942
3750
16038
7846
9638
1446
13734
5542
11686
3494
15782
7590
10150
1958
14246
6054
12198
4006
16294
8102
9318
1126
13414
5222
11366
3174
15462
7270
9830
1638
13926
5734
11878
3686
15974
7782
9574
1382
13670
5478
11622
3430
15718
7526
10086
1894
14182
5990
12134
3942
16230
8038
9446
1254
13542
5350
11494
3302
15590
7398
9958
1766
14054
5862
12006
3814
16102
7910
9702
1510
13798
5606
11750
3558
15846
7654
10214
2022
14310
6118
12262
4070
16358
8166
9238
1046
13334
5142
11286
3094
15382
7190
9750
1558
13846
5654
11798
3606
15894
7702
9494
1302
13590
5398
11542
3350
15638
7446
10006
1814
14102
5910
12054
3862
16150
7958
9366
1174
13462
5270
11414
3222
15510
7318
9878
1686
13974
5782
11926
3734
16022
7830
9622
1430
13718
5526
11670
3478
15766
7574
10134
1942
14230
6038
12182
3990
16278
8086
9302
1110
13398
5206
11350
3158
15446
7254
9814
1622
13910
5718
11862
3670
15958
7766
9558
1366
13654
5462
11606
3414
15702
7510
10070
1878
14166
5974
12118
3926
16214
8022
9430
1238
13526
5334
11478
3286
15574
7382
9942
1750
14038
5846
11990
3798
16086
7894
9686
1494
13782
5590
11734
3542
15830
7638
10198
2006
14294
6102
12246
4054
16342
8150
9270
1078
13366
5174
11318
3126
15414
7222
9782
1590
13878
5686
11830
3638
15926
7734
9526
1334
13622
5430
11574
3382
15670
7478
10038
1846
14134
5942
12086
3894
16182
7990
9398
1206
13494
5302
11446
3254
15542
7350
9910
1718
14006
5814
11958
3766
16054
7862
9654
1462
13750
5558
11702
3510
15798
7606
10166
1974
14262
6070
12214
4022
16310
8118
9334
1142
13430
5238
11382
3190
15478
7286
9846
1654
13942
5750
11894
3702
15990
7798
9590
1398
13686
5494
11638
3446
15734
7542
10102
1910
14198
6006
12150
3958
16246
8054
9462
1270
13558
5366
11510
3318
15606
7414
9974
1782
14070
5878
12022
3830
16118
7926
9718
1526
13814
5622
11766
3574
15862
7670
10230
2038
14326
6134
12278
4086
16374
8182
9230
1038
13326
5134
11278
3086
15374
7182
9742
1550
13838
5646
11790
3598
15886
7694
9486
1294
13582
5390
11534
3342
15630
7438
9998
1806
14094
5902
12046
3854
16142
7950
9358
1166
13454
5262
11406
3214
15502
7310
9870
1678
13966
5774
11918
3726
16014
7822
9614
1422
13710
5518
11662
3470
15758
7566
10126
1934
14222
6030
12174
3982
16270
8078
9294
1102
13390
5198
11342
3150
15438
7246
9806
1614
13902
5710
11854
3662
15950
7758
9550
1358
13646
5454
11598
3406
15694
7502
10062
1870
14158
5966
12110
3918
16206
8014
9422
1230
13518
5326
11470
3278
15566
7374
9934
1742
14030
5838
11982
3790
16078
7886
9678
1486
13774
5582
11726
3534
15822
7630
10190
1998
14286
6094
12238
4046
16334
8142
9262
1070
13358
5166
11310
3118
15406
7214
9774
1582
13870
5678
11822
3630
15918
7726
9518
1326
13614
5422
11566
3374
15662
7470
10030
1838
14126
5934
12078
3886
16174
7982
9390
1198
13486
5294
11438
3246
15534
7342
9902
1710
13998
5806
11950
3758
16046
7854
9646
1454
13742
5550
11694
3502
15790
7598
10158
1966
14254
6062
12206
4014
16302
8110
9326
1134
13422
5230
11374
3182
15470
7278
9838
1646
13934
5742
11886
3694
15982
7790
9582
1390
13678
5486
11630
3438
15726
7534
10094
1902
14190
5998
12142
3950
16238
8046
9454
1262
13550
5358
11502
3310
15598
7406
9966
1774
14062
5870
12014
3822
16110
7918
9710
1518
13806
5614
11758
3566
15854
7662
10222
2030
14318
6126
12270
4078
16366
8174
9246
1054
13342
5150
11294
3102
15390
7198
9758
1566
13854
5662
11806
3614
15902
7710
9502
1310
13598
5406
11550
3358
15646
7454
10014
1822
14110
5918
12062
3870
16158
7966
9374
1182
13470
5278
11422
3230
15518
7326
9886
1694
13982
5790
11934
3742
16030
7838
9630
1438
13726
5534
11678
3486
15774
7582
10142
1950
14238
6046
12190
3998
16286
8094
9310
1118
13406
5214
11358
3166
15454
7262
9822
1630
13918
5726
11870
3678
15966
7774
9566
1374
13662
5470
11614
3422
15710
7518
10078
1886
14174
5982
12126
3934
16222
8030
9438
1246
13534
5342
11486
3294
15582
7390
9950
1758
14046
5854
11998
3806
16094
7902
9694
1502
13790
5598
11742
3550
15838
7646
10206
2014
14302
6110
12254
4062
16350
8158
9278
1086
13374
5182
11326
3134
15422
7230
9790
1598
13886
5694
11838
3646
15934
7742
9534
1342
13630
5438
11582
3390
15678
7486
10046
1854
14142
5950
12094
3902
16190
7998
9406
1214
13502
5310
11454
3262
15550
7358
9918
1726
14014
5822
11966
3774
16062
7870
9662
1470
13758
5566
11710
3518
15806
7614
10174
1982
14270
6078
12222
4030
16318
8126
9342
1150
13438
5246
11390
3198
15486
7294
9854
1662
13950
5758
11902
3710
15998
7806
9598
1406
13694
5502
11646
3454
15742
7550
10110
1918
14206
6014
12158
3966
16254
8062
9470
1278
13566
5374
11518
3326
15614
7422
9982
1790
14078
5886
12030
3838
16126
7934
9726
1534
13822
5630
11774
3582
15870
7678
10238
2046
14334
6142
12286
4094
16382
8190
9217
1025
13313
5121
11265
3073
15361
7169
9729
1537
13825
5633
11777
3585
15873
7681
9473
1281
13569
5377
11521
3329
15617
7425
9985
1793
14081
5889
12033
3841
16129
7937
9345
1153
13441
5249
11393
3201
15489
7297
9857
1665
13953
5761
11905
3713
16001
7809
9601
1409
13697
5505
11649
3457
15745
7553
10113
1921
14209
6017
12161
3969
16257
8065
9281
1089
13377
5185
11329
3137
15425
7233
9793
1601
13889
5697
11841
3649
15937
7745
9537
1345
13633
5441
11585
3393
15681
7489
10049
1857
14145
5953
12097
3905
16193
8001
9409
1217
13505
5313
11457
3265
15553
7361
9921
1729
14017
5825
11969
3777
16065
7873
9665
1473
13761
5569
11713
3521
15809
7617
10177
1985
14273
6081
12225
4033
16321
8129
9249
1057
13345
5153
11297
3105
15393
7201
9761
1569
13857
5665
11809
3617
15905
7713
9505
1313
13601
5409
11553
3361
15649
7457
10017
1825
14113
5921
12065
3873
16161
7969
9377
1185
13473
5281
11425
3233
15521
7329
9889
1697
13985
5793
11937
3745
16033
7841
9633
1441
13729
5537
11681
3489
15777
7585
10145
1953
14241
6049
12193
4001
16289
8097
9313
1121
13409
5217
11361
3169
15457
7265
9825
1633
13921
5729
11873
3681
15969
7777
9569
1377
13665
5473
11617
3425
15713
7521
10081
1889
14177
5985
12129
3937
16225
8033
9441
1249
13537
5345
11489
3297
15585
7393
9953
1761
14049
5857
12001
3809
16097
7905
9697
1505
13793
5601
11745
3553
15841
7649
10209
2017
14305
6113
12257
4065
16353
8161
9233
1041
13329
5137
11281
3089
15377
7185
9745
1553
13841
5649
11793
3601
15889
7697
9489
1297
13585
5393
11537
3345
15633
7441
10001
1809
14097
5905
12049
3857
16145
7953
9361
1169
13457
5265
11409
3217
15505
7313
9873
1681
13969
5777
11921
3729
16017
7825
9617
1425
13713
5521
11665
3473
15761
7569
10129
1937
14225
6033
12177
3985
16273
8081
9297
1105
13393
5201
11345
3153
15441
7249
9809
1617
13905
5713
11857
3665
15953
7761
9553
1361
13649
5457
11601
3409
15697
7505
10065
1873
14161
5969
12113
3921
16209
8017
9425
1233
13521
5329
11473
3281
15569
7377
9937
1745
14033
5841
11985
3793
16081
7889
9681
1489
13777
5585
11729
3537
15825
7633
10193
2001
14289
6097
12241
4049
16337
8145
9265
1073
13361
5169
11313
3121
15409
7217
9777
1585
13873
5681
11825
3633
15921
7729
9521
1329
13617
5425
11569
3377
15665
7473
10033
1841
14129
5937
12081
3889
16177
7985
9393
1201
13489
5297
11441
3249
15537
7345
9905
1713
14001
5809
11953
3761
16049
7857
9649
1457
13745
5553
11697
3505
15793
7601
10161
1969
14257
6065
12209
4017
16305
8113
9329
1137
13425
5233
11377
3185
15473
7281
9841
1649
13937
5745
11889
3697
15985
7793
9585
1393
13681
5489
11633
3441
15729
7537
10097
1905
14193
6001
12145
3953
16241
8049
9457
1265
13553
5361
11505
3313
15601
7409
9969
1777
14065
5873
12017
3825
16113
7921
9713
1521
13809
5617
11761
3569
15857
7665
10225
2033
14321
6129
12273
4081
16369
8177
9225
1033
13321
5129
11273
3081
15369
7177
9737
1545
13833
5641
11785
3593
15881
7689
9481
1289
13577
5385
11529
3337
15625
7433
9993
1801
14089
5897
12041
3849
16137
7945
9353
1161
13449
5257
11401
3209
15497
7305
9865
1673
13961
5769
11913
3721
16009
7817
9609
1417
13705
5513
11657
3465
15753
7561
10121
1929
14217
6025
12169
3977
16265
8073
9289
1097
13385
5193
11337
3145
15433
7241
9801
1609
13897
5705
11849
3657
15945
7753
9545
1353
13641
5449
11593
3401
15689
7497
10057
1865
14153
5961
12105
3913
16201
8009
9417
1225
13513
5321
11465
3273
15561
7369
9929
1737
14025
5833
11977
3785
16073
7881
9673
1481
13769
5577
11721
3529
15817
7625
10185
1993
14281
6089
12233
4041
16329
8137
9257
1065
13353
5161
11305
3113
15401
7209
9769
1577
13865
5673
11817
3625
15913
7721
9513
1321
13609
5417
11561
3369
15657
7465
10025
1833
14121
5929
12073
3881
16169
7977
9385
1193
13481
5289
11433
3241
15529
7337
9897
1705
13993
5801
11945
3753
16041
7849
9641
1449
13737
5545
11689
3497
15785
7593
10153
1961
14249
6057
12201
4009
16297
8105
9321
1129
13417
5225
11369
3177
15465
7273
9833
1641
13929
5737
11881
3689
15977
7785
9577
1385
13673
5481
11625
3433
15721
7529
10089
1897
14185
5993
12137
3945
16233
8041
9449
1257
13545
5353
11497
3305
15593
7401
9961
1769
14057
5865
12009
3817
16105
7913
9705
1513
13801
5609
11753
3561
15849
7657
10217
2025
14313
6121
12265
4073
16361
8169
9241
1049
13337
5145
11289
3097
15385
7193
9753
1561
13849
5657
11801
3609
15897
7705
9497
1305
13593
5401
11545
3353
15641
7449
10009
1817
14105
5913
12057
3865
16153
7961
9369
1177
13465
5273
11417
3225
15513
7321
9881
1689
13977
5785
11929
3737
16025
7833
9625
1433
13721
5529
11673
3481
15769
7577
10137
1945
14233
6041
12185
3993
16281
8089
9305
1113
13401
5209
11353
3161
15449
7257
9817
1625
13913
5721
11865
3673
15961
7769
9561
1369
13657
5465
11609
3417
15705
7513
10073
1881
14169
5977
12121
3929
16217
8025
9433
1241
13529
5337
11481
3289
15577
7385
9945
1753
14041
5849
11993
3801
16089
7897
9689
1497
13785
5593
11737
3545
15833
7641
10201
2009
14297
6105
12249
4057
16345
8153
9273
1081
13369
5177
11321
3129
15417
7225
9785
1593
13881
5689
11833
3641
15929
7737
9529
1337
13625
5433
11577
3385
15673
7481
10041
1849
14137
5945
12089
3897
16185
7993
9401
1209
13497
5305
11449
3257
15545
7353
9913
1721
14009
5817
11961
3769
16057
7865
9657
1465
13753
5561
11705
3513
15801
7609
10169
1977
14265
6073
12217
4025
16313
8121
9337
1145
13433
5241
11385
3193
15481
7289
9849
1657
13945
5753
11897
3705
15993
7801
9593
1401
13689
5497
11641
3449
15737
7545
10105
1913
14201
6009
12153
3961
16249
8057
9465
1273
13561
5369
11513
3321
15609
7417
9977
1785
14073
5881
12025
3833
16121
7929
9721
1529
13817
5625
11769
3577
15865
7673
10233
2041
14329
6137
12281
4089
16377
8185
9221
1029
13317
5125
11269
3077
15365
7173
9733
1541
13829
5637
11781
3589
15877
7685
9477
1285
13573
5381
11525
3333
15621
7429
9989
1797
14085
5893
12037
3845
16133
7941
9349
1157
13445
5253
11397
3205
15493
7301
9861
1669
13957
5765
11909
3717
16005
7813
9605
1413
13701
5509
11653
3461
15749
7557
10117
1925
14213
6021
12165
3973
16261
8069
9285
1093
13381
5189
11333
3141
15429
7237
9797
1605
13893
5701
11845
3653
15941
7749
9541
1349
13637
5445
11589
3397
15685
7493
10053
1861
14149
5957
12101
3909
16197
8005
9413
1221
13509
5317
11461
3269
15557
7365
9925
1733
14021
5829
11973
3781
16069
7877
9669
1477
13765
5573
11717
3525
15813
7621
10181
1989
14277
6085
12229
4037
16325
8133
9253
1061
13349
5157
11301
3109
15397
7205
9765
1573
13861
5669
11813
3621
15909
7717
9509
1317
13605
5413
11557
3365
15653
7461
10021
1829
14117
5925
12069
3877
16165
7973
9381
1189
13477
5285
11429
3237
15525
7333
9893
1701
13989
5797
11941
3749
16037
7845
9637
1445
13733
5541
11685
3493
15781
7589
10149
1957
14245
6053
12197
4005
16293
8101
9317
1125
13413
5221
11365
3173
15461
7269
9829
1637
13925
5733
11877
3685
15973
7781
9573
1381
13669
5477
11621
3429
15717
7525
10085
1893
14181
5989
12133
3941
16229
8037
9445
1253
13541
5349
11493
3301
15589
7397
9957
1765
14053
5861
12005
3813
16101
7909
9701
1509
13797
5605
11749
3557
15845
7653
10213
2021
14309
6117
12261
4069
16357
8165
9237
1045
13333
5141
11285
3093
15381
7189
9749
1557
13845
5653
11797
3605
15893
7701
9493
1301
13589
5397
11541
3349
15637
7445
10005
1813
14101
5909
12053
3861
16149
7957
9365
1173
13461
5269
11413
3221
15509
7317
9877
1685
13973
5781
11925
3733
16021
7829
9621
1429
13717
5525
11669
3477
15765
7573
10133
1941
14229
6037
12181
3989
16277
8085
9301
1109
13397
5205
11349
3157
15445
7253
9813
1621
13909
5717
11861
3669
15957
7765
9557
1365
13653
5461
11605
3413
15701
7509
10069
1877
14165
5973
12117
3925
16213
8021
9429
1237
13525
5333
11477
3285
15573
7381
9941
1749
14037
5845
11989
3797
16085
7893
9685
1493
13781
5589
11733
3541
15829
7637
10197
2005
14293
6101
12245
4053
16341
8149
9269
1077
13365
5173
11317
3125
15413
7221
9781
1589
13877
5685
11829
3637
15925
7733
9525
1333
13621
5429
11573
3381
15669
7477
10037
1845
14133
5941
12085
3893
16181
7989
9397
1205
13493
5301
11445
3253
15541
7349
9909
1717
14005
5813
11957
3765
16053
7861
9653
1461
13749
5557
11701
3509
15797
7605
10165
1973
14261
6069
12213
4021
16309
8117
9333
1141
13429
5237
11381
3189
15477
7285
9845
1653
13941
5749
11893
3701
15989
7797
9589
1397
13685
5493
11637
3445
15733
7541
10101
1909
14197
6005
12149
3957
16245
8053
9461
1269
13557
5365
11509
3317
15605
7413
9973
1781
14069
5877
12021
3829
16117
7925
9717
1525
13813
5621
11765
3573
15861
7669
10229
2037
14325
6133
12277
4085
16373
8181
9229
1037
13325
5133
11277
3085
15373
7181
9741
1549
13837
5645
11789
3597
15885
7693
9485
1293
13581
5389
11533
3341
15629
7437
9997
1805
14093
5901
12045
3853
16141
7949
9357
1165
13453
5261
11405
3213
15501
7309
9869
1677
13965
5773
11917
3725
16013
7821
9613
1421
13709
5517
11661
3469
15757
7565
10125
1933
14221
6029
12173
3981
16269
8077
9293
1101
13389
5197
11341
3149
15437
7245
9805
1613
13901
5709
11853
3661
15949
7757
9549
1357
13645
5453
11597
3405
15693
7501
10061
1869
14157
5965
12109
3917
16205
8013
9421
1229
13517
5325
11469
3277
15565
7373
9933
1741
14029
5837
11981
3789
16077
7885
9677
1485
13773
5581
11725
3533
15821
7629
10189
1997
14285
6093
12237
4045
16333
8141
9261
1069
13357
5165
11309
3117
15405
7213
9773
1581
13869
5677
11821
3629
15917
7725
9517
1325
13613
5421
11565
3373
15661
7469
10029
1837
14125
5933
12077
3885
16173
7981
9389
1197
13485
5293
11437
3245
15533
7341
9901
1709
13997
5805
11949
3757
16045
7853
9645
1453
13741
5549
11693
3501
15789
7597
10157
1965
14253
6061
12205
4013
16301
8109
9325
1133
13421
5229
11373
3181
15469
7277
9837
1645
13933
5741
11885
3693
15981
7789
9581
1389
13677
5485
11629
3437
15725
7533
10093
1901
14189
5997
12141
3949
16237
8045
9453
1261
13549
5357
11501
3309
15597
7405
9965
1773
14061
5869
12013
3821
16109
7917
9709
1517
13805
5613
11757
3565
15853
7661
10221
2029
14317
6125
12269
4077
16365
8173
9245
1053
13341
5149
11293
3101
15389
7197
9757
1565
13853
5661
11805
3613
15901
7709
9501
1309
13597
5405
11549
3357
15645
7453
10013
1821
14109
5917
12061
3869
16157
7965
9373
1181
13469
5277
11421
3229
15517
7325
9885
1693
13981
5789
11933
3741
16029
7837
9629
1437
13725
5533
11677
3485
15773
7581
10141
1949
14237
6045
12189
3997
16285
8093
9309
1117
13405
5213
11357
3165
15453
7261
9821
1629
13917
5725
11869
3677
15965
7773
9565
1373
13661
5469
11613
3421
15709
7517
10077
1885
14173
5981
12125
3933
16221
8029
9437
1245
13533
5341
11485
3293
15581
7389
9949
1757
14045
5853
11997
3805
16093
7901
9693
1501
13789
5597
11741
3549
15837
7645
10205
2013
14301
6109
12253
4061
16349
8157
9277
1085
13373
5181
11325
3133
15421
7229
9789
1597
13885
5693
11837
3645
15933
7741
9533
1341
13629
5437
11581
3389
15677
7485
10045
1853
14141
5949
12093
3901
16189
7997
9405
1213
13501
5309
11453
3261
15549
7357
9917
1725
14013
5821
11965
3773
16061
7869
9661
1469
13757
5565
11709
3517
15805
7613
10173
1981
14269
6077
12221
4029
16317
8125
9341
1149
13437
5245
11389
3197
15485
7293
9853
1661
13949
5757
11901
3709
15997
7805
9597
1405
13693
5501
11645
3453
15741
7549
10109
1917
14205
6013
12157
3965
16253
8061
9469
1277
13565
5373
11517
3325
15613
7421
9981
1789
14077
5885
12029
3837
16125
7933
9725
1533
13821
5629
11773
3581
15869
7677
10237
2045
14333
6141
12285
4093
16381
8189
9219
1027
13315
5123
11267
3075
15363
7171
9731
1539
13827
5635
11779
3587
15875
7683
9475
1283
13571
5379
11523
3331
15619
7427
9987
1795
14083
5891
12035
3843
16131
7939
9347
1155
13443
5251
11395
3203
15491
7299
9859
1667
13955
5763
11907
3715
16003
7811
9603
1411
13699
5507
11651
3459
15747
7555
10115
1923
14211
6019
12163
3971
16259
8067
9283
1091
13379
5187
11331
3139
15427
7235
9795
1603
13891
5699
11843
3651
15939
7747
9539
1347
13635
5443
11587
3395
15683
7491
10051
1859
14147
5955
12099
3907
16195
8003
9411
1219
13507
5315
11459
3267
15555
7363
9923
1731
14019
5827
11971
3779
16067
7875
9667
1475
13763
5571
11715
3523
15811
7619
10179
1987
14275
6083
12227
4035
16323
8131
9251
1059
13347
5155
11299
3107
15395
7203
9763
1571
13859
5667
11811
3619
15907
7715
9507
1315
13603
5411
11555
3363
15651
7459
10019
1827
14115
5923
12067
3875
16163
7971
9379
1187
13475
5283
11427
3235
15523
7331
9891
1699
13987
5795
11939
3747
16035
7843
9635
1443
13731
5539
11683
3491
15779
7587
10147
1955
14243
6051
12195
4003
16291
8099
9315
1123
13411
5219
11363
3171
15459
7267
9827
1635
13923
5731
11875
3683
15971
7779
9571
1379
13667
5475
11619
3427
15715
7523
10083
1891
14179
5987
12131
3939
16227
8035
9443
1251
13539
5347
11491
3299
15587
7395
9955
1763
14051
5859
12003
3811
16099
7907
9699
1507
13795
5603
11747
3555
15843
7651
10211
2019
14307
6115
12259
4067
16355
8163
9235
1043
13331
5139
11283
3091
15379
7187
9747
1555
13843
5651
11795
3603
15891
7699
9491
1299
13587
5395
11539
3347
15635
7443
10003
1811
14099
5907
12051
3859
16147
7955
9363
1171
13459
5267
11411
3219
15507
7315
9875
1683
13971
5779
11923
3731
16019
7827
9619
1427
13715
5523
11667
3475
15763
7571
10131
1939
14227
6035
12179
3987
16275
8083
9299
1107
13395
5203
11347
3155
15443
7251
9811
1619
13907
5715
11859
3667
15955
7763
9555
1363
13651
5459
11603
3411
15699
7507
10067
1875
14163
5971
12115
3923
16211
8019
9427
1235
13523
5331
11475
3283
15571
7379
9939
1747
14035
5843
11987
3795
16083
7891
9683
1491
13779
5587
11731
3539
15827
7635
10195
2003
14291
6099
12243
4051
16339
8147
9267
1075
13363
5171
11315
3123
15411
7219
9779
1587
13875
5683
11827
3635
15923
7731
9523
1331
13619
5427
11571
3379
15667
7475
10035
1843
14131
5939
12083
3891
16179
7987
9395
1203
13491
5299
11443
3251
15539
7347
9907
1715
14003
5811
11955
3763
16051
7859
9651
1459
13747
5555
11699
3507
15795
7603
10163
1971
14259
6067
12211
4019
16307
8115
9331
1139
13427
5235
11379
3187
15475
7283
9843
1651
13939
5747
11891
3699
15987
7795
9587
1395
13683
5491
11635
3443
15731
7539
10099
1907
14195
6003
12147
3955
16243
8051
9459
1267
13555
5363
11507
3315
15603
7411
9971
1779
14067
5875
12019
3827
16115
7923
9715
1523
13811
5619
11763
3571
15859
7667
10227
2035
14323
6131
12275
4083
16371
8179
9227
1035
13323
5131
11275
3083
15371
7179
9739
1547
13835
5643
11787
3595
15883
7691
9483
1291
13579
5387
11531
3339
15627
7435
9995
1803
14091
5899
12043
3851
16139
7947
9355
1163
13451
5259
11403
3211
15499
7307
9867
1675
13963
5771
11915
3723
16011
7819
9611
1419
13707
5515
11659
3467
15755
7563
10123
1931
14219
6027
12171
3979
16267
8075
9291
1099
13387
5195
11339
3147
15435
7243
9803
1611
13899
5707
11851
3659
15947
7755
9547
1355
13643
5451
11595
3403
15691
7499
10059
1867
14155
5963
12107
3915
16203
8011
9419
1227
13515
5323
11467
3275
15563
7371
9931
1739
14027
5835
11979
3787
16075
7883
9675
1483
13771
5579
11723
3531
15819
7627
10187
1995
14283
6091
12235
4043
16331
8139
9259
1067
13355
5163
11307
3115
15403
7211
9771
1579
13867
5675
11819
3627
15915
7723
9515
1323
13611
5419
11563
3371
15659
7467
10027
1835
14123
5931
12075
3883
16171
7979
9387
1195
13483
5291
11435
3243
15531
7339
9899
1707
13995
5803
11947
3755
16043
7851
9643
1451
13739
5547
11691
3499
15787
7595
10155
1963
14251
6059
12203
4011
16299
8107
9323
1131
13419
5227
11371
3179
15467
7275
9835
1643
13931
5739
11883
3691
15979
7787
9579
1387
13675
5483
11627
3435
15723
7531
10091
1899
14187
5995
12139
3947
16235
8043
9451
1259
13547
5355
11499
3307
15595
7403
9963
1771
14059
5867
12011
3819
16107
7915
9707
1515
13803
5611
11755
3563
15851
7659
10219
2027
14315
6123
12267
4075
16363
8171
9243
1051
13339
5147
11291
3099
15387
7195
9755
1563
13851
5659
11803
3611
15899
7707
9499
1307
13595
5403
11547
3355
15643
7451
10011
1819
14107
5915
12059
3867
16155
7963
9371
1179
13467
5275
11419
3227
15515
7323
9883
1691
13979
5787
11931
3739
16027
7835
9627
1435
13723
5531
11675
3483
15771
7579
10139
1947
14235
6043
12187
3995
16283
8091
9307
1115
13403
5211
11355
3163
15451
7259
9819
1627
13915
5723
11867
3675
15963
7771
9563
1371
13659
5467
11611
3419
15707
7515
10075
1883
14171
5979
12123
3931
16219
8027
9435
1243
13531
5339
11483
3291
15579
7387
9947
1755
14043
5851
11995
3803
16091
7899
9691
1499
13787
5595
11739
3547
15835
7643
10203
2011
14299
6107
12251
4059
16347
8155
9275
1083
13371
5179
11323
3131
15419
7227
9787
1595
13883
5691
11835
3643
15931
7739
9531
1339
13627
5435
11579
3387
15675
7483
10043
1851
14139
5947
12091
3899
16187
7995
9403
1211
13499
5307
11451
3259
15547
7355
9915
1723
14011
5819
11963
3771
16059
7867
9659
1467
13755
5563
11707
3515
15803
7611
10171
1979
14267
6075
12219
4027
16315
8123
9339
1147
13435
5243
11387
3195
15483
7291
9851
1659
13947
5755
11899
3707
15995
7803
9595
1403
13691
5499
11643
3451
15739
7547
10107
1915
14203
6011
12155
3963
16251
8059
9467
1275
13563
5371
11515
3323
15611
7419
9979
1787
14075
5883
12027
3835
16123
7931
9723
1531
13819
5627
11771
3579
15867
7675
10235
2043
14331
6139
12283
4091
16379
8187
9223
1031
13319
5127
11271
3079
15367
7175
9735
1543
13831
5639
11783
3591
15879
7687
9479
1287
13575
5383
11527
3335
15623
7431
9991
1799
14087
5895
12039
3847
16135
7943
9351
1159
13447
5255
11399
3207
15495
7303
9863
1671
13959
5767
11911
3719
16007
7815
9607
1415
13703
5511
11655
3463
15751
7559
10119
1927
14215
6023
12167
3975
16263
8071
9287
1095
13383
5191
11335
3143
15431
7239
9799
1607
13895
5703
11847
3655
15943
7751
9543
1351
13639
5447
11591
3399
15687
7495
10055
1863
14151
5959
12103
3911
16199
8007
9415
1223
13511
5319
11463
3271
15559
7367
9927
1735
14023
5831
11975
3783
16071
7879
9671
1479
13767
5575
11719
3527
15815
7623
10183
1991
14279
6087
12231
4039
16327
8135
9255
1063
13351
5159
11303
3111
15399
7207
9767
1575
13863
5671
11815
3623
15911
7719
9511
1319
13607
5415
11559
3367
15655
7463
10023
1831
14119
5927
12071
3879
16167
7975
9383
1191
13479
5287
11431
3239
15527
7335
9895
1703
13991
5799
11943
3751
16039
7847
9639
1447
13735
5543
11687
3495
15783
7591
10151
1959
14247
6055
12199
4007
16295
8103
9319
1127
13415
5223
11367
3175
15463
7271
9831
1639
13927
5735
11879
3687
15975
7783
9575
1383
13671
5479
11623
3431
15719
7527
10087
1895
14183
5991
12135
3943
16231
8039
9447
1255
13543
5351
11495
3303
15591
7399
9959
1767
14055
5863
12007
3815
16103
7911
9703
1511
13799
5607
11751
3559
15847
7655
10215
2023
14311
6119
12263
4071
16359
8167
9239
1047
13335
5143
11287
3095
15383
7191
9751
1559
13847
5655
11799
3607
15895
7703
9495
1303
13591
5399
11543
3351
15639
7447
10007
1815
14103
5911
12055
3863
16151
7959
9367
1175
13463
5271
11415
3223
15511
7319
9879
1687
13975
5783
11927
3735
16023
7831
9623
1431
13719
5527
11671
3479
15767
7575
10135
1943
14231
6039
12183
3991
16279
8087
9303
1111
13399
5207
11351
3159
15447
7255
9815
1623
13911
5719
11863
3671
15959
7767
9559
1367
13655
5463
11607
3415
15703
7511
10071
1879
14167
5975
12119
3927
16215
8023
9431
1239
13527
5335
11479
3287
15575
7383
9943
1751
14039
5847
11991
3799
16087
7895
9687
1495
13783
5591
11735
3543
15831
7639
10199
2007
14295
6103
12247
4055
16343
8151
9271
1079
13367
5175
11319
3127
15415
7223
9783
1591
13879
5687
11831
3639
15927
7735
9527
1335
13623
5431
11575
3383
15671
7479
10039
1847
14135
5943
12087
3895
16183
7991
9399
1207
13495
5303
11447
3255
15543
7351
9911
1719
14007
5815
11959
3767
16055
7863
9655
1463
13751
5559
11703
3511
15799
7607
10167
1975
14263
6071
12215
4023
16311
8119
9335
1143
13431
5239
11383
3191
15479
7287
9847
1655
13943
5751
11895
3703
15991
7799
9591
1399
13687
5495
11639
3447
15735
7543
10103
1911
14199
6007
12151
3959
16247
8055
9463
1271
13559
5367
11511
3319
15607
7415
9975
1783
14071
5879
12023
3831
16119
7927
9719
1527
13815
5623
11767
3575
15863
7671
10231
2039
14327
6135
12279
4087
16375
8183
9231
1039
13327
5135
11279
3087
15375
7183
9743
1551
13839
5647
11791
3599
15887
7695
9487
1295
13583
5391
11535
3343
15631
7439
9999
1807
14095
5903
12047
3855
16143
7951
9359
1167
13455
5263
11407
3215
15503
7311
9871
1679
13967
5775
11919
3727
16015
7823
9615
1423
13711
5519
11663
3471
15759
7567
10127
1935
14223
6031
12175
3983
16271
8079
9295
1103
13391
5199
11343
3151
15439
7247
9807
1615
13903
5711
11855
3663
15951
7759
9551
1359
13647
5455
11599
3407
15695
7503
10063
1871
14159
5967
12111
3919
16207
8015
9423
1231
13519
5327
11471
3279
15567
7375
9935
1743
14031
5839
11983
3791
16079
7887
9679
1487
13775
5583
11727
3535
15823
7631
10191
1999
14287
6095
12239
4047
16335
8143
9263
1071
13359
5167
11311
3119
15407
7215
9775
1583
13871
5679
11823
3631
15919
7727
9519
1327
13615
5423
11567
3375
15663
7471
10031
1839
14127
5935
12079
3887
16175
7983
9391
1199
13487
5295
11439
3247
15535
7343
9903
1711
13999
5807
11951
3759
16047
7855
9647
1455
13743
5551
11695
3503
15791
7599
10159
1967
14255
6063
12207
4015
16303
8111
9327
1135
13423
5231
11375
3183
15471
7279
9839
1647
13935
5743
11887
3695
15983
7791
9583
1391
13679
5487
11631
3439
15727
7535
10095
1903
14191
5999
12143
3951
16239
8047
9455
1263
13551
5359
11503
3311
15599
7407
9967
1775
14063
5871
12015
3823
16111
7919
9711
1519
13807
5615
11759
3567
15855
7663
10223
2031
14319
6127
12271
4079
16367
8175
9247
1055
13343
5151
11295
3103
15391
7199
9759
1567
13855
5663
11807
3615
15903
7711
9503
1311
13599
5407
11551
3359
15647
7455
10015
1823
14111
5919
12063
3871
16159
7967
9375
1183
13471
5279
11423
3231
15519
7327
9887
1695
13983
5791
11935
3743
16031
7839
9631
1439
13727
5535
11679
3487
15775
7583
10143
1951
14239
6047
12191
3999
16287
8095
9311
1119
13407
5215
11359
3167
15455
7263
9823
1631
13919
5727
11871
3679
15967
7775
9567
1375
13663
5471
11615
3423
15711
7519
10079
1887
14175
5983
12127
3935
16223
8031
9439
1247
13535
5343
11487
3295
15583
7391
9951
1759
14047
5855
11999
3807
16095
7903
9695
1503
13791
5599
11743
3551
15839
7647
10207
2015
14303
6111
12255
4063
16351
8159
9279
1087
13375
5183
11327
3135
15423
7231
9791
1599
13887
5695
11839
3647
15935
7743
9535
1343
13631
5439
11583
3391
15679
7487
10047
1855
14143
5951
12095
3903
16191
7999
9407
1215
13503
5311
11455
3263
15551
7359
9919
1727
14015
5823
11967
3775
16063
7871
9663
1471
13759
5567
11711
3519
15807
7615
10175
1983
14271
6079
12223
4031
16319
8127
9343
1151
13439
5247
11391
3199
15487
7295
9855
1663
13951
5759
11903
3711
15999
7807
9599
1407
13695
5503
11647
3455
15743
7551
10111
1919
14207
6015
12159
3967
16255
8063
9471
1279
13567
5375
11519
3327
15615
7423
9983
1791
14079
5887
12031
3839
16127
7935
9727
1535
13823
5631
11775
3583
15871
7679
10239
2047
14335
6143
12287
4095
16383
8191
